10003
10005
1001
10015
10029
10033
10065
10079
1008
10085
10090
10092
10097
10101
10105
10116
10124
10126
10132
10141
10152
10157
10159
10199
10211
10213
10220
10222
10247
10250
10255
10263
10267
10269
10283
10289
10291
10293
10304
10319
10333
10339
10341
10351
10366
10368
10374
1038
1039
10401
10411
10423
10426
10430
10435
10442
10443
10466
10483
10488
10493
10494
10495
10508
10534
10536
10541
10543
10544
10546
10555
10560
10578
10583
10615
10618
10620
10624
10637
10647
1065
10655
10656
1066
10661
10671
10693
10702
10711
10725
10726
10731
10755
10758
10773
10781
1079
10791
10794
10795
10803
10806
10810
10816
10819
10831
10835
10849
10855
10863
10871
10873
10878
10879
1088
10882
10883
10888
10891
10897
10910
10928
10929
10943
10954
10957
10976
10980
10990
10992
110
11007
11008
11019
11021
11023
1103
1104
11055
11059
11064
11080
11084
11094
11142
11143
11152
11156
11159
1116
11163
11178
11180
11181
11182
11185
11193
11202
11204
11214
11219
11239
11242
11243
11253
11255
11256
11258
11260
11263
11265
1127
11271
11280
11299
11300
11311
11318
11319
11322
11341
11345
11368
11387
11390
11408
11419
11425
11441
11454
11462
1147
11471
11488
115
11502
11511
11519
11521
11527
1154
11541
11545
1159
11605
11608
11615
11616
11619
1163
11630
11650
11655
11664
11666
11670
11675
11685
11692
117
11702
11703
11704
1171
11710
11715
11718
11721
11730
11736
11758
11761
11794
11812
11814
11817
11835
11836
11839
11848
1185
11851
11854
11858
11861
11863
11868
1187
11879
11880
11882
11886
11894
1192
11927
11928
11935
11937
11946
11958
11960
11965
11968
11970
11974
11987
11996
12
12010
12021
12022
12030
12036
12037
12053
12056
12065
12066
12071
12079
12101
12111
12113
12149
12212
12214
1222
12233
12236
12239
12244
12246
1225
12267
12281
12284
12289
12306
12308
12326
12327
12328
12330
12332
12337
12339
1234
1235
12379
12385
12393
12405
12407
12412
12418
1242
12420
12431
12443
12444
12448
12451
12453
1246
12463
12475
12485
12500
12501
12507
12514
12519
12531
12539
12540
12542
12544
12555
12557
12558
12565
12573
12577
12584
12586
12591
12593
12595
12601
12620
12622
12625
12628
12630
12631
12635
12649
12652
12661
1267
12673
12679
12680
12694
12707
12719
12720
12721
12722
12727
12729
12739
12748
12766
12768
12773
12777
12786
12806
12807
12808
12810
12812
12817
12818
12824
12825
12831
12840
12868
12870
12876
12886
12895
12910
12914
12915
1292
1293
12930
12932
12936
12944
12952
12953
12960
12962
12967
1297
12971
12979
12990
13001
13009
1301
13013
13026
13028
13029
13033
13040
13046
13047
1305
13071
13077
13104
13110
13113
13115
13122
13127
13130
13132
13134
13139
13150
13154
13158
13159
13170
1319
13193
13197
13198
13202
13211
13214
13227
13249
13251
13252
13267
13271
13272
13275
13290
13298
13302
13314
13322
13326
13328
13340
13347
1336
13369
13377
13382
13385
13387
13388
13390
13392
13396
13400
13407
13414
13417
13418
13422
13427
13436
13438
13442
13462
13474
13482
13494
13495
13499
1350
13508
1351
13510
13518
13522
13525
13528
13533
13535
13539
13542
13555
13558
13560
13573
13576
13584
13597
1360
13600
13605
13622
1365
13655
1366
13666
13669
13670
13682
13707
13734
1374
13741
13742
13751
13754
13778
13793
13812
13845
13849
13853
13857
13870
13872
13875
13878
13881
13884
13885
13891
13895
13898
13911
13918
1393
13934
13936
13938
13944
13949
1396
13962
13986
13991
14007
1401
14019
14020
14021
14029
14033
14040
14052
14054
1406
14070
14077
141
14100
14112
14119
14144
14147
14156
14157
14158
14166
142
14201
14228
14235
14241
14245
14254
14263
1427
14270
14272
14276
14289
14292
14293
14297
14298
143
14301
14303
14317
14338
1434
14354
14369
14383
14388
14396
14401
1441
14416
14436
14437
14440
14442
14449
14452
14456
1446
14503
14507
14519
14522
14524
14526
14531
14532
14535
14538
14559
14562
14570
14572
14583
14596
14597
1460
14601
14607
14611
14615
14617
14623
14655
14657
14658
14662
14664
14669
14679
14685
14688
14694
14707
1472
14721
14732
14756
14768
1477
14774
14776
14777
14778
14780
14801
14804
14811
14826
14830
14846
14847
14850
14852
14862
14872
14899
149
1490
14915
14920
14924
14929
14931
14938
1495
14952
14970
14992
14995
14998
14999
15000
15001
15003
15004
1501
15013
15021
15023
15035
15047
15054
1508
15081
15083
15097
15098
151
1510
15107
15115
15118
15125
15127
15128
15136
15144
15163
15166
15167
15179
1518
15195
15197
15207
15215
15217
15222
15228
15231
15246
15251
15254
15263
15267
15268
1527
15272
15274
15276
1528
15286
1530
15305
15306
15307
15309
15318
15319
15342
15347
15352
15362
15368
15386
15387
15388
15389
154
15408
1541
1542
15427
15429
15432
15433
15440
15454
15465
15469
15470
15472
15474
15477
1548
15498
15500
15503
15516
15548
15550
15559
15563
15566
15569
15570
15578
15582
15593
15594
15600
15601
15602
15608
15612
15614
15615
15625
1563
15639
15668
15683
15693
15697
15700
15712
1572
15733
15769
15771
15778
15790
1580
15802
15803
15813
1583
15845
15846
15858
15879
15880
15881
15887
15888
15907
15921
15926
15944
15949
15957
15962
15967
15970
15975
15990
15998
15999
160
16002
16016
16018
16022
16035
16040
16043
16059
16075
16080
16090
161
1610
16116
1612
16120
16121
16124
16127
16137
16140
16155
16158
16161
16165
16169
16173
16174
16185
16196
162
16202
16205
16206
16207
16214
16258
16269
1627
16274
16278
16282
1629
16296
16319
16329
1634
16341
16349
16350
16357
16375
1638
16380
16390
1640
16401
16402
16407
16411
16417
16420
16422
16426
16427
1644
16442
16456
16458
16469
16474
16485
16489
16495
1650
16505
16510
16513
16519
1652
16523
16527
16538
1654
16540
16550
16551
16556
16565
16573
16586
16594
166
16609
16614
1662
16620
16639
16671
16676
16679
16694
16700
16705
16709
16711
16722
16728
16735
16739
16751
1676
16772
16791
16793
16805
16810
16815
16830
16831
16834
1684
16861
16862
1687
16879
1688
16881
16887
16897
16901
16906
16907
16909
16911
16913
16914
16939
16948
16953
16966
16970
16971
16975
16978
16983
16984
170
17004
17024
17026
17038
17041
17042
17056
17074
17082
17090
17093
17103
17105
17119
1712
17125
17136
17141
17147
17157
17161
17169
17178
17203
17226
17242
17252
17253
17255
17257
17270
17285
1729
17294
17296
17302
17305
17306
17307
17315
17327
17339
17347
17353
17362
17364
17366
17375
17376
17385
17386
1740
17405
17406
1741
17412
17414
1742
17437
17443
17444
17451
17457
17460
17467
17472
17478
17479
17487
1749
17493
17495
175
17501
17511
17518
17520
17529
17530
17532
17535
17539
17545
17549
17551
1757
17575
1758
17580
17590
17594
17598
17606
17617
17620
17623
17631
17635
17636
17638
17640
17642
17653
17656
17671
17688
17690
17714
17717
17727
17736
17739
17759
17762
17765
17786
17788
1779
17791
17797
17808
17809
17819
17827
17840
17844
17861
17865
17873
17895
17901
17903
17907
17911
17915
17924
17927
17934
17945
17947
17955
17962
17974
17986
17988
17991
18002
18011
18015
18018
18019
18022
18026
18038
18047
18051
18064
18072
18080
18087
18088
18090
18103
18110
18113
18115
18129
18137
18138
18146
18155
18159
18172
1818
18182
18184
18185
18187
18193
18205
18209
18217
18223
18228
18231
18233
18239
18240
18249
18256
18262
18263
18285
18297
18312
18321
18324
18352
18358
18360
18361
18372
18373
18383
18384
18385
18386
18390
18428
18429
1844
18440
18445
18447
1845
18450
18453
18461
18465
18477
18485
18491
185
1850
18510
18514
18529
18531
18533
1854
18548
18551
18553
18563
18564
18568
18574
18581
18590
18614
1862
18629
18630
18632
18637
18648
18654
18661
18686
1870
18712
18719
1872
18735
1874
18746
18749
18750
18752
18764
18774
1879
18791
18807
18827
18832
18839
18845
18852
18854
18855
18862
18879
18892
18901
18904
18907
18910
18920
18925
18932
18956
18982
18985
19009
19018
19028
19029
19045
19046
19060
19061
19087
19099
191
1912
19122
19135
19150
19159
19163
19180
19183
19195
19198
19200
19207
19223
19226
19228
19232
19266
19271
19278
19280
19292
19293
1930
19309
19319
1932
19323
1935
19354
19356
19358
19359
19364
19367
1939
19405
19410
19411
19413
19423
19428
19437
19439
1944
19442
19452
19457
19466
19470
19472
19493
19495
1950
19510
19518
19529
19538
19540
19546
1955
19555
19558
19579
1958
19590
19594
1960
19613
19616
19627
19632
1965
19651
19657
19661
19664
19668
19675
19678
19686
19692
19703
19708
19731
19736
19748
1978
19789
19795
19810
19820
19830
19865
19869
19889
1989
19896
19904
19909
19918
19929
19938
19951
19957
1996
19968
19990
19996
20004
20007
20009
20018
20019
20021
20024
20036
2005
20058
20065
20073
20082
20100
20117
20128
2013
20137
2014
20145
20151
20153
20157
2016
20173
20175
2018
20182
20186
20194
20196
20199
20201
20203
20214
20217
20222
20229
20234
20240
20242
20276
20280
20281
20286
20296
20298
20299
2030
20309
20314
20319
2033
20333
20338
20342
20379
20382
20387
20396
20399
204
20421
20422
20425
20438
20450
20460
20469
20470
20479
20481
20492
20493
20496
20509
20517
20518
20528
20530
20544
20555
20561
20565
2057
20574
2059
2060
20617
2062
20625
20626
20628
2063
20634
20639
20689
20702
20703
20707
20713
20716
20718
20723
20727
20742
20747
20758
20759
20762
20766
2077
20772
2079
20790
20798
208
20801
20808
20810
20818
20821
20823
20842
2085
20855
20857
20861
20871
20872
20894
20909
20910
20911
20914
20926
20935
20937
20939
20945
20953
20957
2096
20963
2097
21018
21019
21020
21027
2103
21038
21040
21041
21062
21069
21070
21087
21090
21092
21099
21111
21114
21116
21118
21119
21132
21138
21139
21140
21141
21142
2115
21153
21154
21162
21168
21171
21174
21178
21183
21190
212
2121
21210
21235
21272
21278
21296
21299
21311
21328
2133
21331
21333
21337
2135
21375
21382
21397
21409
21441
21445
21457
21465
21495
2150
21503
21513
2152
21537
21543
21554
21556
21559
21572
21577
21579
21580
21584
21594
21596
21621
21623
21650
21652
21653
21659
21663
21665
21670
2168
21697
21700
21701
21723
21734
21738
21741
21742
21745
21746
21749
21759
2176
21774
21780
21805
21811
21822
2183
21839
21868
21874
21876
21881
21892
21894
21914
21953
21967
21974
2199
21997
21998
21999
22018
22027
22033
22045
22049
22060
2207
22072
2208
22092
22093
22099
22104
22105
22107
22111
22114
22119
22121
22125
22126
22133
22136
22140
22142
22150
22161
22172
2218
22181
22182
22188
22190
22191
22193
22203
22223
22237
22251
22278
22286
22291
22293
223
2230
22316
22325
22328
22338
22343
22352
22367
22372
22373
22379
22391
22406
22407
22408
22412
22421
22425
22430
22440
22441
22453
22460
22462
22463
22472
22473
22479
22480
22482
22486
22488
22503
2252
22522
22536
22544
22568
22569
2258
2259
2260
22603
22608
2261
22631
22638
22640
22642
22648
2265
22651
22657
22661
22671
22704
22716
22719
22730
22741
22745
22754
22772
22777
2279
22800
22805
22828
22838
2284
22842
22847
22849
22850
22867
22898
22922
22934
22938
22939
22942
22956
22963
22979
22983
22984
22993
22997
23000
23019
2302
23021
23034
23040
23058
23085
23090
23095
23097
23104
23110
23125
23132
23141
23164
23203
23204
23213
23228
2324
23246
23249
23250
23257
23263
23275
23277
2328
23288
23297
23299
23301
23309
23324
23329
23335
23345
2335
23356
23384
23392
23396
23405
23407
23418
23429
23437
23445
23452
23458
23464
23479
23481
23493
235
23515
23516
23522
23528
23544
23549
2356
23560
2357
23570
23572
23573
23588
23590
2360
23602
23606
23611
23624
23627
23640
23650
23652
23656
23657
23666
23668
2367
23675
23681
23686
23688
23694
23701
23705
23716
23717
23718
23726
23738
23740
23746
23752
23759
23762
23766
23767
23783
23794
23797
23803
23806
23807
2381
23810
23835
23841
23866
23870
23871
23889
23899
239
23911
23912
23917
2392
23921
23930
23940
23945
23956
2396
23967
23971
23984
2399
24
2401
24014
2404
24042
24056
24063
24074
2408
24092
24094
24107
24109
24132
24135
24146
24155
24171
2418
24184
24193
24230
24252
2428
24284
24291
24311
2432
24323
24330
24352
24361
24363
24364
24376
24380
24421
24422
24436
24439
24441
24442
24447
24450
24465
2448
24490
24491
24493
24505
24511
24529
24530
24540
24545
24548
2456
24560
24568
24569
24582
24590
24605
24607
24619
24622
24628
24630
2465
24651
24655
24665
24666
24667
24677
24678
2468
24692
24693
24695
24699
2470
24727
24729
24733
24735
24737
24738
24740
24753
2476
24784
24787
24790
24794
24807
24833
24845
24854
24864
24867
2489
24895
24906
24910
24915
24917
2492
24940
24965
24976
2498
24983
24992
25003
25004
2501
25017
25019
25024
25034
25054
25077
25086
25096
25099
25119
25124
25128
25146
25149
25159
2516
25167
25191
25196
25201
25205
25264
25266
25268
25269
25286
25291
25292
2530
25303
25305
25308
25325
25327
25330
25348
25355
2536
25369
25373
25380
25389
25397
25398
25414
25415
25424
25426
25434
25449
25453
25454
2546
25460
25467
25471
25477
25486
25488
25489
25510
25516
25519
2552
2554
25545
25550
25572
25577
25583
25585
25593
25601
25602
25605
25607
25613
25614
25618
25621
25627
25638
25652
25660
25663
25666
25682
25699
25705
25716
25720
25733
25739
2574
25740
25742
25744
25760
25768
25774
25777
2579
25796
25827
25828
2583
25831
25837
25838
2584
25840
25843
2586
25863
25873
25875
25878
25880
25881
25904
25910
25912
25918
25925
25928
25935
25939
25943
25945
25957
25967
25968
25986
25999
26012
26017
26023
26027
26049
26068
26075
26081
26082
26092
26100
26101
26122
26130
26131
26138
26149
26151
26154
26158
2616
26164
26167
26181
26196
26205
26237
26239
26243
26269
26271
26285
26306
26314
26320
26338
2634
26349
26350
26352
26355
26359
2636
26362
26375
26376
2638
26383
26390
26392
26394
26407
2643
26432
26436
26444
26445
26453
26478
2648
26499
26505
26506
26512
26515
26518
2653
26533
26535
26560
26563
26573
26577
26578
26589
26591
26595
26603
26618
26622
26624
26629
26630
26639
26647
2665
26650
26651
26659
26666
26671
26677
26682
26683
26689
26693
26700
2672
26744
26746
26756
26761
26763
26780
26784
26789
26795
26810
26829
26841
26848
26857
26859
26883
26895
26899
269
26908
26918
26919
26930
26936
26944
26954
26955
26963
26972
26973
26985
26992
2700
27011
27016
2702
27023
27026
27046
27049
27089
27090
27091
27100
27102
27112
27118
27130
27158
27164
27167
27193
27215
27217
27229
27272
27284
27287
2731
2734
27348
27361
27379
27387
27395
27404
27417
27429
27440
27443
27444
27445
27455
2746
27460
27470
27482
27488
27503
27511
27516
27517
27525
27528
27531
27540
27542
27578
2758
27586
27593
27595
27597
27602
27613
27617
27622
27628
27630
27633
27641
27643
27676
27682
27685
27686
27695
27696
27708
27727
27728
27742
27747
27755
27759
2776
27767
27768
27776
27778
27781
2780
27807
27809
27818
27821
27824
27827
27834
27835
27848
27851
27853
27870
27882
27895
27935
27945
27946
27948
27976
27988
27990
27999
28007
28019
28021
28027
28028
2803
28032
28033
28043
28048
28050
28053
28055
28059
28067
28068
28069
28080
28087
281
2810
28103
28118
28140
28144
28150
28154
28168
28173
28186
28190
28201
28211
28215
28219
28222
28227
28228
28235
2824
28248
2825
28250
28262
28276
2829
28294
283
28303
28331
28339
28342
28373
28377
28395
28396
284
28407
28408
28423
28427
28442
28451
28452
28457
28464
28467
28474
28488
2849
285
28535
28546
28552
28554
28558
28563
28566
28571
28578
28580
28596
28620
28630
2864
28660
28682
28683
28693
28694
28697
287
2870
28704
28705
28717
28718
28721
28725
28726
28733
28743
28750
28752
28756
28761
28764
2878
28785
28796
28798
28815
28819
28839
28850
28877
28878
2888
28896
28905
28906
28907
28917
28922
28943
28946
28948
28949
28956
28969
28973
28975
28980
28983
28985
28987
28991
29002
29009
29017
29023
29030
29034
29035
29036
2904
29051
29054
29055
29065
29066
29074
29076
29079
29091
29109
29126
29128
29151
2916
29169
29176
29187
29190
29194
2921
29211
29220
29221
29239
29251
29255
29262
29265
29269
2928
29281
29285
29294
29295
29300
29306
29309
29319
29326
29329
29335
29375
29393
29397
29407
2941
29414
29437
29445
29452
29468
29482
2949
29490
2950
29500
29504
29506
29509
29528
29531
29533
29543
2955
29554
29558
29564
29598
2960
29603
29607
29609
29633
29640
29647
29663
29674
29677
29680
29697
29701
2972
29726
29729
2973
29737
29746
29750
29751
29754
29779
29781
29784
29792
29794
29795
29799
298
29805
29807
29830
29833
29843
29851
29859
29861
29870
29871
29875
29879
29895
29899
29927
29943
29959
2996
29981
3000
30010
30014
30015
30030
30038
30058
30060
30061
30066
30089
3009
30105
30106
30107
3011
30139
30149
30151
30152
30156
30161
30165
30170
30172
30180
3019
3022
30223
30226
30234
30246
30250
30257
30258
30263
30265
30267
30268
30270
30271
30295
30297
30330
30331
30349
30357
30373
30375
3039
30398
30400
30410
30431
30438
30443
30449
30452
30464
30469
30482
30489
30500
30502
30503
3051
30515
30520
30526
30533
30538
30544
30552
30567
30581
30589
30599
30605
3063
30633
30636
30644
30653
30661
30674
30686
3069
30691
30713
30715
3072
30720
30744
30761
30763
3078
30802
30812
30816
30822
30823
30825
30833
30837
30864
30875
30892
30894
30897
30905
30919
30920
30922
30950
30969
30976
30986
30999
31001
31018
31020
31021
31022
31064
31068
31074
3113
31135
31136
31149
31153
31169
31175
31184
31191
31193
312
31207
31209
31210
31214
31217
31221
3123
31232
31233
3124
31253
31271
31272
3128
31295
31296
31314
31319
31323
31332
31333
31343
31354
31355
31356
31362
31367
31383
31389
31400
31402
31422
31427
31439
31441
31443
31450
31458
3147
31482
31495
3150
31515
31525
31528
31531
31541
31562
31564
31606
31613
31634
31653
31654
31668
31669
31676
31682
31686
3169
31705
31712
31716
31722
31726
31745
31747
31757
31758
31769
31775
3178
31789
31795
3180
31802
31817
31821
31826
31838
31846
31850
31857
3186
31863
31869
3187
31878
31883
31901
31902
31908
31913
31918
31936
31945
31951
31955
3196
3197
31974
31978
31986
31987
31993
32019
32022
32024
32025
32029
32032
32044
32054
32055
32056
32057
32065
32067
32069
32074
32089
32090
32095
32099
32128
3213
3214
32143
32150
32154
32155
32162
32198
32201
32209
32210
32215
32218
32221
32228
32229
32248
32249
32256
32263
32282
32286
32290
32297
32301
32302
32342
32353
32355
32356
3236
32360
32370
32378
32387
3239
32391
32400
32409
32413
32419
32426
32446
32452
32483
32484
32493
32494
32499
32520
32543
32545
32549
3255
32558
32569
32589
32621
3263
32632
32635
32643
32649
32656
32665
32671
32675
32677
32678
32682
32690
32695
32710
32716
32724
32732
32740
32759
32766
32779
32787
32790
32791
32792
32805
32807
32812
32813
32826
32840
32842
32857
32861
32871
32873
32877
32890
329
32904
32923
32927
32954
32955
32964
32968
32980
32990
33009
33034
33045
33056
33061
33063
33073
33109
33110
33127
3313
33131
33141
33160
33162
3317
33172
33174
33175
3318
33194
33203
33220
33226
33228
3323
33249
33262
33264
33266
33270
33272
33274
3328
33281
33284
3329
33300
33319
33350
33367
3337
3338
33400
33403
33404
33407
3341
33411
33424
33429
33433
33439
33445
33471
33488
33490
33521
33534
33535
33538
33549
3355
33556
33558
33560
33565
3357
33572
33585
33591
33597
33619
33621
33657
33683
33691
33694
33697
33707
33708
3371
33712
33718
33722
33725
33746
33761
33767
33768
33772
33777
33789
33792
33815
33823
33836
33839
33843
33847
33857
3388
33911
33922
33933
33940
33948
33954
33964
33969
33974
33977
3398
34002
34009
34024
34025
34056
3407
34079
3408
34095
34096
34107
34110
34113
34131
34135
34137
34141
34147
34150
34151
34161
34166
3417
3418
34180
34187
34192
34195
34202
34208
34219
3422
34244
34273
34278
34282
34284
3429
343
34304
34307
34311
34314
34320
34327
34329
34336
34338
34356
34377
34384
34389
34391
34395
34399
34405
34408
34409
3443
34434
34439
34450
34455
34456
34457
34473
34474
34486
345
34506
34528
34544
34546
34547
34553
34562
34592
34608
34610
34616
34621
34622
3463
34647
34655
34658
34665
34668
34702
34723
34732
34738
34756
34766
34777
34779
34791
34794
34802
34808
34818
34829
34835
34860
34861
3488
34880
34887
34898
3490
34902
3491
34913
3493
34931
34946
34958
34964
3498
34982
34985
34989
34996
350
35024
35027
35033
35050
35051
35054
35065
35081
35084
35102
3512
35133
3514
35142
35144
35151
35167
35185
35190
35197
35199
35200
35202
35210
35211
35212
35222
35233
35236
35252
35268
35283
35290
35302
35309
35322
35323
35324
35332
35359
35363
3537
35375
35377
35378
35384
3539
35398
35400
35408
3543
35435
3544
35446
3545
35452
35465
35471
35475
35489
35502
35503
35506
35518
35528
35529
35536
35538
35545
35553
3556
35579
3558
356
35616
35617
35623
35624
35659
35665
3568
35688
35689
35691
35693
35694
35696
35699
35711
35714
35720
3573
35733
35739
35748
35749
35756
35769
35772
35773
35774
35783
35786
35792
35794
35797
35798
35799
35800
35803
35807
35815
35821
35824
35833
35837
35839
35854
35855
35863
35865
3587
35879
35880
3589
35891
35895
35915
35935
35937
3594
35948
35977
35979
35981
35991
35995
35996
35997
36004
36018
3602
36023
36033
36037
36059
36060
36061
36084
36101
36105
36112
36118
36122
36125
3613
36136
36143
36147
3615
36158
36177
36183
36192
36193
3623
36230
36233
36257
36258
36259
36278
36287
36299
36307
36321
36334
36350
36352
36353
36355
36359
36363
3637
36377
36379
3638
36385
36387
36388
3639
364
36419
36421
36424
3643
36435
36440
36455
36457
36470
36475
36495
36506
3652
36525
36527
36533
36539
36547
36559
36560
36562
36569
36573
36581
36586
36587
36588
3659
36594
36596
36598
36603
36608
36612
36616
36622
36626
36644
36667
3667
36673
36676
36677
36684
36687
36702
36712
36722
36737
36739
36744
36751
36762
36766
36779
36783
36790
36799
36809
36829
36831
36832
36852
36859
3686
36865
36879
36886
36894
3690
36902
3691
36919
36923
36930
36937
36953
36954
36958
36968
36969
36976
36981
37003
37007
37011
37019
3702
37038
37045
37059
37061
37077
37088
37090
37099
37108
37118
37125
37131
37133
37135
37137
37166
37171
37173
37179
37184
37188
37204
37207
37211
37218
37223
37226
3723
37237
37246
37265
37266
37267
37268
37283
37286
3729
37304
37312
37321
37323
37325
37327
37332
37335
37368
3737
37378
37381
37384
37394
374
3741
37418
37422
37444
37448
37453
37466
37468
37476
37485
37496
37502
37505
37508
37514
37528
37529
37548
37550
37555
37559
37583
37588
37589
37597
37598
37599
37610
37614
37634
37646
37649
3765
37650
37657
37673
37676
3768
37714
37722
37727
37728
37737
37759
37765
3777
37771
37777
37779
37784
3779
37790
37797
3780
37807
37810
37812
37834
37850
37871
37877
37878
37879
37890
37894
37900
37901
3794
37963
37968
37983
37984
37986
37987
37991
37998
38019
38021
38023
38025
38027
38035
38041
38054
38061
38062
38093
38095
38100
38110
38112
38113
38114
38115
38116
38119
38131
38145
38148
38154
3816
38181
38186
38192
38193
38194
38200
38219
38220
38244
38248
38251
38252
38270
38277
38279
3829
38291
38294
38300
38306
38323
38326
3833
38330
38332
38337
3835
38357
38361
38366
38369
38372
38373
38389
38390
38397
38399
384
3840
38406
38408
38414
38417
38430
38436
38450
38461
38466
38483
385
38522
38534
38562
38589
38590
38592
3861
38611
38613
38667
38672
38673
38682
38687
38693
38701
38708
38710
38714
38717
38736
38738
3876
38761
38800
38803
38814
38821
38826
38828
38832
3884
38840
38842
38856
38859
3886
38862
38864
38869
38891
38895
3890
38906
38913
38916
3893
38938
38947
38950
38951
38963
38967
38972
38978
39009
39021
3903
39032
3904
39044
39049
39060
39071
39089
39095
39112
39117
39133
39139
39150
39151
39156
39158
39160
39164
39171
39179
39185
3919
39193
39199
39214
39221
39224
39231
39240
39262
39266
39268
39275
39278
39280
39283
39284
39301
39303
39313
39316
39328
39335
39336
39351
39384
39386
39388
39399
39400
39415
39429
39435
39436
39441
39455
39460
39471
39493
39495
39500
39526
39527
39528
39535
39539
3955
39553
39554
39559
39583
39585
39590
39591
3960
39600
39606
39630
39631
39644
39647
39654
39656
39663
39679
39681
39682
39688
39692
39699
39706
39732
39741
3975
39753
3976
39767
39770
39774
39783
39802
39806
39817
39818
39819
39825
3983
39858
3986
39868
39870
39887
39897
39898
399
3990
39911
39923
39959
39975
39990
39994
40006
40007
40008
40011
40027
40035
40040
40048
4005
40052
4006
40065
40067
40069
40073
40077
40079
40086
40087
40108
40120
40126
40131
40148
40161
40193
4020
40204
40205
40206
4021
40214
4022
40222
40233
40235
40241
40248
40254
40258
40264
40265
40271
40273
40276
40279
40296
40297
40305
40309
40335
40338
40347
40359
40362
4037
40379
40385
40387
40388
40389
4039
40390
40397
40403
40407
40410
40418
40419
4043
40441
40443
40465
40468
40475
40486
40487
40488
40514
40521
40523
40526
40529
40533
40537
4054
40541
40559
40566
4058
40589
40607
40619
40621
40631
40637
4066
40664
40686
40697
40704
40708
40721
40723
40746
40764
40765
40768
40786
40788
40790
40792
40805
40829
40831
40838
40842
40845
40849
40851
40852
40853
40856
40860
40861
40890
40895
4090
40919
40933
40952
40958
40964
40970
40971
40979
4098
40988
40993
41009
41014
41031
41032
41034
41043
4106
41096
4110
41106
41115
41116
41118
41132
41133
41145
41148
41173
41185
41229
41259
41261
41282
41284
41290
41298
413
41306
4131
41315
41316
41325
41328
41333
41336
41347
41353
4137
41373
41412
41422
41438
4144
41441
4145
41485
41493
41514
41543
41544
41555
41556
41559
4156
41566
41571
41575
41583
41584
41591
41595
416
4160
41604
41605
41609
4161
41616
41623
41636
41637
41640
41646
41656
41660
41665
41668
41670
41674
41678
41687
41688
4169
41692
41697
41698
41722
41726
4174
41757
41759
41764
41767
41783
41787
41788
41798
41810
41817
41818
41839
4184
41848
41849
41858
41861
41870
41873
41889
41900
41904
41914
41922
41932
41935
41951
41957
41963
41967
4197
41972
41978
42000
42021
42028
42034
42035
42036
42044
42046
42058
42060
42075
42098
42099
42112
42113
42126
42127
4213
42148
42152
42156
42162
42166
42170
42172
42174
4218
42181
42184
42205
42214
4222
42231
42232
42241
42244
42250
42258
4226
42269
42278
4228
42293
42296
42303
42327
42328
42350
42364
42373
42377
42380
42384
42405
4241
42426
42440
42443
42444
42450
42453
42454
42457
42459
42464
42479
42484
42492
425
4250
42507
42516
42518
42532
4255
42550
42557
42558
42560
42570
42575
42587
42588
42590
42604
42628
42631
42637
42639
42665
42670
42676
42683
42706
42715
42717
4273
42730
42741
42745
42754
42771
42789
4281
42821
42823
42831
42834
42835
42842
42854
42863
42871
42878
42885
42889
42892
42921
42925
42926
42942
42944
42953
4296
42960
4297
42970
42971
42975
42978
42981
42982
42988
4299
42990
42991
42992
4300
43002
43006
43010
43022
43033
43048
4305
43055
43058
43064
43066
4307
43090
43098
43099
43103
43109
43111
43112
43120
43126
4313
43132
43133
43136
43147
43150
43152
43153
43174
43177
43180
43183
43194
432
43203
43204
43206
43209
43211
43221
43223
43225
43239
43242
43244
4325
43256
43259
43265
43281
43283
43291
43300
43306
43319
43326
43328
43329
43337
43341
43342
43346
43349
43370
43372
43373
43375
43381
43390
43401
43404
43413
43420
43436
43440
43451
43471
43480
43500
43506
4351
43529
43530
43534
43539
43542
43554
43555
43563
43566
43574
43606
43611
43621
4363
4364
43647
43649
43651
43652
43653
43655
43658
43662
43663
43666
43684
43693
43695
43697
43704
43708
43714
43718
43720
43732
43754
43756
43789
43791
43793
43806
43811
43816
43832
43842
43848
43849
43873
43898
43905
43908
43909
43914
43916
43921
43934
43936
43938
43944
43949
43961
43964
43966
43982
43985
44
440
44014
44021
44033
44045
44070
44071
44077
44078
44086
44089
44093
44097
44100
44106
4411
44110
44112
44122
44126
44135
44138
44151
44152
4416
44181
44185
44188
44211
44220
44225
44226
4424
44243
44244
44260
44280
44285
44291
44307
44340
44349
44352
44362
4438
44386
444
44400
44405
44413
44433
44446
44447
4445
44453
44454
44466
4447
44470
44487
44488
44490
44492
44504
44512
44521
44538
44540
44558
44563
44577
44580
44581
4460
4461
4462
44620
44622
44633
44642
44651
44662
44663
44666
44669
44671
44677
44678
4469
44721
44736
44753
44758
44763
44765
44767
44800
44805
44815
44817
44822
44823
44836
44842
44853
4486
44866
44867
44880
44889
44898
44901
44911
44926
44936
4495
44962
44967
44968
44970
44971
44977
44978
44982
44990
45
45003
45015
45038
4504
45049
45062
45076
45086
45094
4510
45131
45134
4514
45149
4516
45162
45164
45167
45174
45175
45177
45182
45197
45199
45201
45204
45206
45209
45217
45218
45243
45246
45248
4525
45251
45283
45293
45306
45309
45317
45319
45320
45326
45333
45348
45349
45356
45357
45359
45361
45368
4537
45373
45383
45392
45395
4540
45409
45412
45426
45445
45458
45462
45476
45478
45487
45490
45491
45498
45499
45504
45515
45518
4552
45525
45532
45542
45569
45573
45583
45586
45589
4559
45612
45619
45632
4564
45664
45667
45692
45693
45695
45698
45711
45714
45723
45734
45743
45747
45748
45764
45771
45786
45794
458
45806
4581
45814
45826
45829
45834
45838
45854
45865
45869
45870
4588
45887
45892
45896
4590
45904
4591
45924
45928
45940
45959
4596
45961
45967
45968
45992
45994
45996
46006
46025
46027
46034
46036
46041
46068
46076
46078
46081
46105
46107
46110
46118
46124
46129
46136
46137
46138
46152
46160
46175
46178
46187
46218
46224
46234
46238
46244
46268
46274
46277
46283
46289
4629
46291
46293
46300
46316
46321
46331
46348
46375
46399
46400
46403
46421
46426
46429
46440
46443
46462
46472
4648
46485
46496
46500
46508
46512
46514
46520
46529
46555
46567
46590
46596
46597
4660
46616
46624
46629
4663
46631
46632
46648
46664
4667
46673
4669
467
46704
46714
46721
46749
4675
46754
46755
46758
46769
46774
46780
46788
46789
4679
46797
46808
46816
46817
46821
46829
46830
46839
46856
46862
46863
46883
46885
46892
46894
46900
46903
46911
46914
46918
46921
46929
46940
46941
46949
46952
46960
46974
46983
46988
46992
46997
47003
47008
47019
4703
47032
47043
47058
47060
47071
47073
47085
47086
47091
47096
47106
47113
47116
47128
47131
47136
47145
47162
47164
47169
4717
47174
47179
4718
47184
47185
47186
47191
47194
47204
47205
47211
47215
47223
47225
47235
47240
47256
4726
47272
47276
47279
4728
4729
47290
47298
4732
47321
47328
47335
47337
47338
4735
47355
47378
47382
4740
47400
47408
47431
47445
47447
47465
47470
47485
4749
47504
47514
47520
47530
47542
47544
47546
47557
47566
47568
47579
47581
47585
476
47604
47609
47617
47620
47626
4763
47632
47633
47650
47653
47659
4766
47676
47690
47693
47707
47714
4772
4774
47754
47771
47774
47776
47786
47791
47795
47797
478
47801
4781
47817
4782
47825
47829
47832
4784
47845
4785
47853
4787
47874
479
47901
47903
47905
4791
47927
47934
47935
47939
47940
47947
47948
47967
47973
47983
480
4800
48016
48018
4802
48036
48038
48040
48047
48049
48054
48059
4806
48070
48074
4810
48107
4813
48131
48135
48146
48170
48176
48177
48192
48214
48215
48230
48238
48247
48248
4825
48254
48261
48267
48270
4829
48293
48295
48296
483
48301
48303
48350
48370
48418
48424
4846
48476
48485
48487
48490
48492
48495
48496
48501
48503
48532
48537
48546
4855
48553
48561
48563
48576
48579
48580
48581
48586
48590
48616
48619
48643
48647
4865
48659
4866
48663
48672
48674
48675
48679
4868
48689
4869
48693
48699
48708
48710
48722
48729
48750
48756
48757
48759
48765
48776
48777
48789
48790
48795
48797
48811
48817
48818
48827
48828
48832
48834
48840
48864
48889
48890
48892
48897
48904
48915
48941
48950
48956
48961
48964
48975
48999
49
49000
49012
49013
49014
49015
49016
49026
49027
49031
49042
49046
49054
49059
4906
4908
49082
49110
49117
4912
49121
49126
49131
49153
49164
49174
49176
49180
49184
49191
492
4920
49200
49203
49209
49219
49221
49229
49241
49251
49252
49263
49297
49314
49318
49321
49322
49326
49344
49346
4935
49354
49356
49358
49380
49390
494
49411
49418
49429
49435
49440
49447
49478
49488
49497
49507
49512
4957
49585
49587
49592
49598
49599
49606
49616
49626
49628
49632
49639
49646
49652
49659
49673
49685
49687
49692
49699
49702
49717
49731
49734
49742
49752
49756
4976
49762
49774
49789
49798
49800
49814
4982
49821
49822
49823
49826
49828
49834
49836
49837
49838
49851
49852
49855
49859
49862
4988
49895
49904
49907
49912
49915
49923
49924
49936
49960
49964
49967
49975
500
5000
5002
50021
50028
50039
50041
50042
50061
50085
50087
5011
50112
50114
50118
50143
50147
50164
50171
50174
5018
50184
50191
50192
50193
50198
50201
50207
50209
50217
50219
50226
50233
50249
50250
5026
50270
50279
50283
50287
5029
50300
50316
50318
50329
50330
50333
50336
5034
50358
50361
5037
50379
50394
50412
50426
50428
50435
50446
50451
50452
50463
50465
50466
50481
50483
50485
50489
50519
50523
50525
50527
50539
50546
50571
50580
50583
50592
50595
50597
50601
50603
50605
50608
50613
50617
50624
50625
50633
50635
50643
50648
50654
5066
50666
50679
50681
50693
50695
5070
50713
5072
50722
50731
50778
50782
50792
50796
50804
50830
50832
50860
50871
50879
5088
50896
50901
50908
50915
50921
50924
50932
50938
50952
50957
5096
50966
50978
5098
5099
50991
50996
50998
50999
51014
51020
51022
51031
51047
5105
51053
51059
51061
51066
51072
51073
51081
51086
51093
51096
5114
51141
51143
5116
51181
51182
5119
51193
51194
51202
51215
51216
51217
51228
5125
51250
51252
51261
51263
51266
51276
51283
51287
51290
513
51301
51305
51306
51307
51314
51325
51326
51332
51341
5135
51372
51377
51388
51398
514
51413
51416
51421
51431
51434
51440
51441
51448
51451
51466
5147
51480
51485
51489
51491
51504
51505
51511
51515
51531
5154
51549
51554
51558
51565
51566
51568
51575
51591
51592
51595
51597
516
51602
51606
51611
51621
51627
51628
51638
51643
5168
51680
51695
51697
51699
51711
51717
51743
51754
51797
51811
51827
51833
51838
51839
51841
51854
51862
51863
51869
51885
51898
51900
51905
51914
51920
51921
51946
51948
51965
51976
51985
51998
52003
52004
52006
52008
52018
5203
52032
52039
5204
52045
5205
52057
52072
52088
52090
52091
52099
5210
52101
5211
52125
52139
52145
52149
52168
52169
52183
52184
52189
522
52201
52202
52221
52224
52233
5225
52258
52279
52293
52298
52299
52312
52313
52350
52359
52380
52386
52393
52394
52417
52419
52426
52431
52446
52449
52451
52456
52457
52458
52459
52462
52465
5247
52471
52486
52487
52517
52518
52522
52531
52540
52544
52547
52553
52558
52561
5257
52572
52576
52588
52594
52606
52617
52618
52623
52641
52654
52660
52662
52691
52697
52700
52725
52754
52775
52790
52814
52822
52844
52850
52852
52854
52857
52859
52874
52878
52887
5289
52915
52921
52929
52935
52939
52947
52949
52957
52959
52963
52976
53003
53005
53006
53014
53019
53022
53042
53044
53046
53048
53049
5305
5306
53065
53072
53084
53097
53100
53107
53113
53116
53128
5313
53137
53143
53160
53170
53171
53172
53175
53177
53182
53194
53196
53201
53203
53207
53210
53211
53213
53214
53217
53237
53242
53264
53271
53272
53286
53297
53320
53329
53337
53353
53367
53378
53384
53392
5340
53405
53411
5343
53441
53458
53461
53477
53492
53493
535
5350
53511
53525
53536
53556
53563
53567
53571
53581
53582
53586
53587
53594
53597
53601
53624
53629
53632
53646
5365
53654
53657
53658
53660
53663
53671
53675
53676
53678
53689
53692
53697
53699
5370
53703
53713
53723
53724
53732
53740
53746
53753
53762
53763
53768
5377
53794
53797
53810
53812
53824
53827
53828
53841
53847
53848
53852
53856
53866
53867
53868
53870
5388
53884
53886
53897
53914
53921
53941
53944
53949
53950
53953
53965
53967
53968
53973
53978
53981
53996
54002
54025
54032
54037
54039
54049
54053
54062
54078
54085
54091
54100
54118
5412
54120
54128
5413
54131
54145
54147
54149
54150
54154
54157
54168
54177
54188
54194
54195
54207
54215
54224
54243
54248
54258
54263
54270
54272
54279
54295
54297
54298
54302
54321
54339
54353
54386
54391
54392
54397
544
5441
54412
54414
54417
54420
54423
54439
54443
54445
54455
54456
54473
54485
5451
54518
54519
54520
54525
54526
5454
54540
54544
54556
54561
54562
54573
54583
54590
54593
54608
5461
54614
54621
54626
54636
5464
54654
54662
54668
54671
54677
54679
54680
54684
54685
54696
54702
5472
54726
5473
54733
54735
54743
54751
54752
54763
54765
54766
54793
54798
54804
54809
54819
54838
54844
54846
54851
54854
54863
54870
54875
54877
54879
54884
54887
54894
54896
5490
54900
54901
54906
54913
54925
54949
54952
54958
54971
54972
54982
54990
54996
55008
55016
55025
55028
55051
5508
55090
55094
551
55100
55102
55103
55106
55111
55126
55133
55144
55154
55155
5516
55170
55171
55177
55179
55195
55211
55216
55222
55225
55230
55232
55238
55254
55260
55262
55263
55279
5528
55286
55292
55299
55306
55323
55328
55331
55340
5535
55352
55357
55360
55363
55364
55381
55386
55391
55394
55400
55406
55416
55432
55438
5544
55443
55445
55448
55462
55464
55476
55477
55480
5549
55491
55493
55496
555
55505
55515
55523
55532
55540
55541
55549
55560
55567
55578
55579
55580
55581
55586
55587
55588
55613
55621
55622
55624
55626
55635
55642
55648
55652
55659
55663
55680
55697
557
55705
55706
55710
55713
55715
55720
55724
55727
55745
55749
5575
55750
5576
55760
55762
55779
5578
55788
55791
55797
55801
55812
55836
55838
55840
55853
5586
55861
55870
55882
55883
55914
55919
55928
55930
55934
55936
55937
55946
55947
55953
55976
55989
55990
56024
56035
56042
56053
56054
56057
56058
56059
56061
56075
56078
56090
5610
56103
56106
5611
56111
56113
56120
56127
56145
56146
5615
56153
56159
56160
56163
56169
56183
56184
56189
56199
56230
56235
56240
56248
5625
56257
5627
5628
56281
56287
56293
56296
56302
5632
56323
56333
56340
56344
56356
56368
56374
56377
56382
56389
5639
56397
56398
56401
56405
56412
56433
56455
56461
56465
56468
56490
5650
56518
5652
56524
56525
56533
56546
56548
56552
56560
56579
56599
56603
56620
56634
56649
5665
56656
56671
56677
56683
56684
567
5671
56725
56744
56745
56747
56761
56762
56768
56789
5681
56817
56829
56835
56849
56853
56856
56860
56864
56874
56887
5689
56890
56893
56902
56905
56909
56916
56920
5693
56956
56957
5697
56973
5699
56992
5700
57011
57031
57033
57042
57057
57063
57071
57078
57084
57089
57093
57098
57125
57139
57144
57159
57161
57165
57167
57192
57231
57236
57266
57268
57278
57284
57286
57289
57291
573
57307
57310
57330
57340
57351
57352
57359
57368
57381
57401
57427
57429
57432
57435
57447
57463
57466
57479
5748
57486
57489
57499
5750
57511
57522
57533
57550
57553
57563
57569
57597
57599
57601
57602
57616
5762
57630
57637
5764
57642
57652
57658
57663
57666
5767
57674
57693
5770
57700
57708
57718
57728
5775
57751
57755
5776
57761
57769
57771
57777
57778
5778
57780
57781
57794
57800
57805
57811
57821
57822
57849
57866
57867
57870
57872
57877
57879
57898
57901
57904
5791
57930
57932
57950
5796
57968
57978
5798
57989
5799
57992
58015
58017
5802
58023
58025
58034
58038
58041
58046
58054
58055
58056
58060
58074
58076
58081
58083
58099
581
5810
58108
58123
58125
58134
58137
58141
58145
58146
58167
5817
58175
58188
58191
58192
5820
58204
58208
58217
58230
58235
58241
58242
58244
5825
58257
58266
58273
58277
58288
58292
58298
58313
58320
58326
58329
5833
5837
58378
58382
58392
58417
58425
58437
58441
58448
58463
58465
5847
58474
58487
585
5850
58505
58507
58515
58525
58529
58537
5854
58546
58548
58570
58602
58611
58616
58620
58658
58675
58676
58679
587
58701
58708
58716
58717
5872
58724
58739
5875
58750
58751
58759
58764
58766
58775
58780
58796
58798
588
58804
58808
58812
58817
58826
58843
58850
58864
58865
58867
58874
58884
58902
58904
58908
58921
58927
58930
58931
58933
58953
58967
58985
59029
59030
59032
59037
59041
59050
59052
59053
59054
59063
59069
59095
59107
59109
5911
59111
59114
5913
59158
59163
59176
59180
59182
59183
59188
59195
59196
59210
59215
5924
59243
59247
5925
59261
59265
59272
59273
59282
59285
59291
59301
59306
59310
59315
59321
59324
59341
5935
59351
59354
59355
59360
59379
5938
59384
59389
59401
59403
59412
59414
59418
59420
59422
59427
59439
5944
59440
59452
59453
59454
59458
59479
59487
59501
59558
59562
5957
59573
59576
5958
59588
59597
59607
5962
59621
59626
59658
59660
59677
59698
59714
59728
59731
59733
59737
59739
59757
59759
5976
5977
59788
59801
59803
5981
59810
59815
59816
59820
59837
59849
59856
59863
59870
59880
59895
59899
59909
59917
59922
59929
59949
59954
5996
59981
5999
60008
60023
60027
60074
60078
60082
60095
60123
60135
60139
60145
60149
60155
60178
60181
60189
60204
60214
60225
60240
60244
60246
60260
60273
60277
60280
60281
60285
60291
60294
603
60302
60314
60315
60318
6032
60326
60336
60337
60341
60343
60355
60357
60371
60375
60387
60389
60406
60407
60419
60426
60428
60435
60447
60474
60475
60478
60517
60520
60521
6055
60550
60552
60569
60570
60572
6059
60597
60603
60606
60610
60616
60623
60625
60645
60663
60667
60668
6068
60686
60689
60692
60697
607
6070
60727
60728
60737
60738
60739
6074
60740
60742
60747
60774
60782
60786
60789
6079
60791
6080
60801
60810
60811
60815
60819
60829
60846
60853
60854
6086
60872
60876
6088
60902
60911
60918
60920
60928
60968
60972
60990
61005
61009
61010
6102
61020
61022
61034
61039
61070
61078
61083
61097
61101
61103
61114
61118
61121
61124
61126
61136
61142
61149
61160
61170
61177
612
61203
61217
61246
61256
61265
61273
61280
61291
61293
61294
613
6133
61347
61349
61360
61362
61382
61397
61398
61401
61408
61446
6145
61456
61476
61479
61483
61489
6150
61500
61501
61502
61510
61519
6154
61549
61552
61554
61557
61558
61559
61568
61571
61583
6159
6160
61604
61627
61628
6164
61652
61666
61667
6167
61707
6171
61722
61723
61725
61727
61728
61743
61747
61759
61770
61773
61777
61782
61787
61793
61801
61805
61808
61810
61813
61820
61832
61845
61848
6185
61850
6186
61884
61885
61905
61909
61916
61917
61923
61924
61927
61930
61932
61940
61942
61947
61955
61956
61959
6197
61975
61980
61989
61990
61995
62010
6202
62031
62038
62039
62046
62050
62056
62071
62074
6208
62089
62098
621
6210
62121
62125
62132
62140
62158
62161
62162
62170
62179
62197
62201
62205
6222
62227
62229
6223
62234
62236
6224
62243
62247
62249
62259
62274
62276
62284
62290
62294
62323
62328
6234
6235
62353
6236
62362
62363
62369
62370
62372
62375
62378
62384
62395
62411
62421
62422
62424
62427
62458
6246
62468
62475
62488
6251
62514
62526
62533
62535
62542
62545
62550
62551
62570
62586
62589
62594
62608
6261
62628
62651
6266
62660
62668
62671
62681
62682
62686
62709
62710
62718
6272
62726
62729
62731
62735
62741
62755
62756
62767
62775
6278
62795
62807
6282
62831
62835
62854
62867
62880
6290
62900
62905
62917
62927
62930
62936
62937
62964
62974
6299
62999
63014
6302
63023
63032
63037
63042
63045
63054
63062
6307
63070
63075
63081
63083
63091
63092
63096
63097
63103
63109
6311
63111
63117
63119
63120
63127
63130
63137
63164
63169
63192
63196
63210
6322
63235
63241
63242
63243
63248
63249
63250
63252
63258
63270
63286
63309
63321
63327
63331
63337
63339
6334
63342
63344
6335
63357
63361
63371
63381
63383
63387
63393
63397
63399
6340
63404
63407
63410
63431
63432
63443
63447
63449
63460
63489
63493
63497
63522
63526
63529
63531
63539
63541
63556
63558
63563
63572
63598
63599
63606
63609
63611
63616
6364
63643
63649
63656
63659
6366
63667
6367
63680
63683
63684
63692
63695
63698
63705
63710
6372
63734
63735
63746
6375
63756
63758
63767
63783
63786
63790
63792
63821
63828
63854
63859
63866
6387
63880
63891
63898
63907
63908
63916
63918
63921
63928
63935
63936
63950
63961
63965
63994
63998
64002
64015
64017
64023
64026
64028
64035
64036
64043
64059
64062
64063
64085
64094
64097
6410
64100
64102
64124
64130
64131
64139
64156
64158
6416
64170
64172
6418
642
64209
64215
64216
64221
64229
6423
64235
64242
64253
64264
64272
6428
64283
64288
64295
64298
64304
64306
6431
64311
64314
64316
64321
64323
64337
64341
64345
64351
64370
64371
64373
64377
64389
64392
64395
64396
64399
64417
64418
64421
64423
64438
64448
64458
64466
64479
64480
64490
64493
64495
64507
6451
64515
64517
64521
64524
64530
64533
64540
64548
6455
64567
64575
64582
64597
64598
64599
64604
64613
64617
64622
64640
64641
64642
64647
64649
6466
64661
64665
64670
64678
64699
64717
64718
64720
64721
64722
64752
64766
64771
64774
64783
64786
648
6480
64801
64804
64819
6482
64834
64848
6485
64856
64870
64872
64876
64886
64900
64908
64909
64917
64925
64938
64944
64952
64961
64963
64967
64975
64981
64992
64993
64994
64995
64996
650
65000
65001
65002
65006
65017
65019
6503
65033
65040
65045
65048
65050
65056
65060
65066
65079
65089
65100
65112
65119
65124
65127
65155
6516
65165
65179
6518
65186
65189
652
65211
65217
65226
65231
6524
65243
65245
6527
65273
65284
65285
65287
65292
65295
65297
65305
65317
65318
65322
65327
65329
65330
65332
65338
65347
65369
65381
65386
65391
65393
65410
65413
65415
65421
65432
65442
65455
65461
65478
65490
65497
6551
65521
65527
6560
6571
658
6639
664
6660
6678
6683
6684
6693
672
6721
6725
6732
6734
6742
6744
6756
6776
6782
6800
6802
6805
6810
6812
6831
6834
6842
6848
6861
6875
6876
6885
69
6911
6920
6924
693
6930
6948
6955
696
6968
697
6977
698
6994
7005
7022
7043
7044
7045
7046
7050
7054
7058
7072
7099
711
7111
7115
7116
7123
7158
7194
7195
7201
7204
7208
7217
7230
7237
7242
7254
7257
7268
727
7272
7273
7294
73
7306
7322
735
7354
7371
7383
7402
7409
7410
7423
7427
7429
7451
7462
7467
7486
7495
7504
7506
7513
7517
7532
7539
7545
7546
7555
7572
7575
7577
7579
7582
7583
7587
7596
7600
7613
7621
7633
7634
7653
7713
7720
7726
773
7730
7743
7756
7760
7761
7772
7776
7785
7787
779
7795
7815
782
7828
7830
7833
7836
7842
7853
7854
7857
7858
7862
7878
7881
7890
7918
7939
7940
7945
7979
798
799
8004
8016
8022
8028
8047
8048
8061
8062
8063
8080
8082
810
8112
8127
8133
8159
816
817
8181
8208
8230
8232
8248
8258
8264
8273
8276
829
8291
8296
8299
8304
8307
8344
8352
836
8366
8367
8372
8375
8384
8385
8387
8388
8395
8404
8409
842
8421
8426
8431
8439
8478
8492
8494
8496
8498
8520
8532
854
8540
8543
8559
8567
8568
8569
8577
8585
8590
8596
8607
8609
8615
8640
8645
8655
8658
8662
8684
869
8693
870
8704
8707
8716
8730
8731
8732
8740
8764
8766
8767
8769
877
8775
8780
8791
8809
8827
8838
8840
8842
8858
8859
8869
8888
8892
8899
8902
8903
8909
891
8914
8936
8948
895
8952
8958
8959
896
9041
9059
906
9061
9063
9076
908
9087
9092
9100
9105
9115
9117
9123
9141
9145
9152
9162
919
9190
9198
9203
9211
9212
9216
9224
923
9237
9241
9242
9272
9273
929
9312
9323
9325
9327
9335
9362
9364
9375
9378
9381
9391
9394
9395
940
9404
9415
9418
943
9430
9435
9458
9481
9484
9486
9492
952
9520
9523
9527
9532
9539
9545
9568
9578
9604
9624
9631
9654
9663
9667
9688
9689
9690
9699
971
9715
9721
9737
9739
9751
9758
9760
9766
977
9770
9771
978
9782
9793
9808
981
9824
9828
9829
983
9833
9838
9842
9848
9849
9853
9874
9883
9884
9887
989
9892
9898
99
990
9904
9906
9908
9910
9923
9957
9962
9963
9964
9989
9995