10002
10006
10010
100112
10016
100191
10025
100292
100326
100345
100410
10048
10049
1005
10054
100560
100629
100631
10066
100713
10073
10077
100782
100820
10084
10098
101056
10108
10116
101166
101242
10125
10129
1013
10130
101396
10143
101448
10148
10152
101553
101607
101660
10167
10183
101897
101899
101923
102048
10206
102099
102119
102219
10224
10230
10247
10251
10252
102616
102643
1027
10279
102829
102934
10296
10307
10312
103164
1032
10320
10324
10325
103254
103299
10331
103319
1034
103464
103467
103476
1035
10351
103533
103558
10357
10361
103650
10372
10373
10389
10390
10394
103983
10405
10419
10423
10425
104283
1043
10431
104319
10438
10439
104393
10449
104542
104555
10463
10465
10471
10476
10484
10500
10506
10510
10514
10525
10526
1053
10535
105375
1054
10546
105592
10563
105691
10573
10578
10587
105878
10588
10589
10590
10593
1060
1061
10616
106195
10629
10632
10633
10641
10644
1065
1067
10682
10689
10692
10697
106973
107043
10708
10709
10710
107115
10715
10716
10719
10724
10728
107304
10732
10740
10750
10751
107521
10755
107630
10768
10771
10777
10778
1078
10780
107821
10788
10790
107954
10804
10806
10807
1081
108202
10824
10834
108365
10838
10842
108428
10844
10846
108490
10852
10853
10855
108553
10856
10858
10865
108659
10867
108758
10883
108915
10897
10898
10900
109088
10909
10912
1092
10920
10921
10922
10923
10927
10928
109332
10937
10941
10947
109481
10956
10959
10962
10970
10976
10982
10988
10997
110057
11007
11009
1101
11013
11015
11018
1102
11020
11022
11025
11028
1103
11041
11042
11044
11046
11057
1106
110650
11069
1107
11070
110783
11092
110973
11099
11103
11108
111124
11122
11132
11137
11140
11142
11150
11160
11165
111671
11173
111834
11186
111876
111921
111969
11197
11198
111993
11200
112022
1121
1122
11226
11229
11236
112390
1124
11247
11248
11249
11255
11257
11258
112680
11269
11272
11275
11282
11284
112866
11289
11294
11295
11300
11302
11311
11312
113196
113206
11321
11329
11331
1134
1135
113557
11357
11359
11361
11373
11376
113876
11392
11397
1140
114031
114047
11405
11419
11423
11424
11428
11435
11436
11456
114625
11463
11466
114714
11486
11488
11496
115013
11503
115074
11509
115137
11517
11522
11524
11530
1154
115454
1155
11559
115601
115704
115726
11581
11582
11583
11585
115933
11597
11598
11600
11602
11609
11613
1162
11623
116293
116325
116349
11649
116503
116504
1166
11665
1167
11672
11673
116804
11681
11683
11687
116964
116982
11703
117039
11706
11708
11718
117246
11730
11731
11733
1174
11743
117456
11748
11749
11752
117530
11756
11761
11776
11780
11786
11794
118037
11807
11828
118288
1183
118455
11865
11878
118833
118868
11887
11889
11892
118942
11898
11903
11917
11918
11919
119235
119265
119266
11927
119356
119478
119494
11953
11954
11956
11962
11971
11977
11979
119889
11990
11993
119966
12003
12015
120196
120203
12040
12052
120585
12059
12064
12068
12072
12075
12091
120942
12096
120993
1210
12108
121134
12117
1212
12121
12125
12134
1214
12141
12158
121599
121604
12169
12178
12186
12191
121932
12201
122067
12208
12209
1221
122184
122308
122314
12236
122393
122395
12243
12249
12252
1226
12262
12271
122712
12272
12278
12284
12287
122902
122961
122983
12316
1232
12325
1233
1235
12354
12355
123569
12378
123826
123939
12396
12405
12407
12416
12420
12422
12428
12443
124445
12445
124476
12448
12455
124560
1246
12464
12469
124717
12473
12480
12485
12486
124897
12496
12516
1253
12537
12547
12554
12562
12569
12570
12576
12577
12584
12585
125882
12592
12595
12598
12605
12627
12628
12636
12648
12665
12673
12684
126858
12706
12707
1271
12717
12721
127238
127242
12728
12737
12751
12761
127809
12784
12788
12789
127988
12800
12809
12817
128257
128269
12828
12835
12838
12848
12852
128556
12865
1287
128797
128911
129049
1292
12922
12923
12928
12930
12931
12934
12936
12940
129456
12958
12963
12964
12968
12972
12977
12979
12990
12992
12994
1301
130103
13032
13039
1304
13045
13046
13050
13052
13058
13059
13077
1308
130831
13087
130954
13099
13105
13106
131096
13113
1312
131250
1313
13132
131382
13148
13164
13165
131693
13171
13173
13182
13188
131891
13193
13202
1321
13211
13213
13217
13218
1322
13228
132293
1323
13232
13234
132376
13250
13253
13259
1326
13261
13266
132672
132677
132701
13278
1328
13281
13282
13292
132931
132945
132960
13299
13301
133028
133296
13340
133436
1336
13363
13365
13369
133690
133748
13377
13378
13382
133875
133881
133964
13400
13410
134168
134195
134219
13425
134265
13428
134287
13429
13430
13431
13443
13444
13450
134505
13451
13454
13455
13460
13466
13467
134676
13469
13470
13483
13488
13489
13492
13496
13501
135015
13510
13512
135172
135188
13525
13527
13529
13532
135377
135427
13546
135521
135537
13562
13568
13572
13581
13582
13587
13588
13592
135971
13599
135992
13615
136207
13621
13626
136285
1363
13633
13646
13649
13650
13652
13664
13665
13672
136766
13678
13680
136801
137060
13713
137149
13719
137241
13729
13736
13756
13760
13761
13767
13777
13778
13779
137794
1379
137921
13794
13796
13799
13800
13806
1382
13820
13822
13831
13832
13834
13835
13861
13865
13866
13867
13869
13876
1388
13881
13886
138891
13892
13895
139053
13911
139199
139201
139357
13937
139370
13941
139415
13943
139475
139512
139526
139555
13956
139675
13968
13970
13974
139788
139827
139916
139988
14000
140068
140082
140088
14009
14012
14032
14035
14036
14037
14051
14057
140609
14067
1407
14081
14082
140842
140848
140852
1410
14101
14106
141202
141224
14123
14124
141245
141248
141289
14139
141428
141446
14146
141488
14150
14152
141522
141527
141586
141592
14161
141611
141617
141623
141625
141629
141636
14164
141649
141655
14167
141671
141684
14170
141706
14183
14185
141891
1419
14199
14201
14202
14206
14214
142407
142454
142459
14247
14254
142688
142705
14279
142795
142875
14293
143027
143029
143053
14310
143148
14315
14317
14327
1433
14332
14337
143386
14344
14345
14350
14359
14381
14382
143883
144024
144101
144144
14416
14420
14426
14433
14436
14443
14451
14452
144533
144580
144651
144729
14474
14476
144761
144781
144789
14480
144806
14481
144843
14488
14489
144898
1449
144915
14523
14537
145400
14542
14550
145515
145560
14562
14566
14568
1457
14571
14578
14579
14581
145837
14585
145861
14596
14600
14623
14663
14668
14672
14678
14679
14680
14682
1469
14693
14696
14699
1470
1471
14728
14737
14744
14745
14748
14752
14758
14762
14786
1480
14800
14803
14827
14842
1485
14857
14858
14863
14868
14877
14879
14894
14903
14904
1492
14945
14952
1496
14960
14975
14978
1499
1501
15012
15024
15029
1505
15053
15054
15072
15074
15078
15080
1509
15090
15129
1513
15143
15150
15155
15172
15177
15188
1519
15190
15191
15204
15207
15225
15232
15234
15236
15241
15248
15268
15270
15272
15276
15287
15288
15294
15298
1530
15302
1531
15353
15363
15366
15383
15388
15402
15405
15413
15420
15431
15435
15437
15439
15451
15457
15471
15475
15478
15482
15489
15491
15493
15495
15507
15517
15518
15522
15524
15553
15564
15573
1559
15604
15629
15634
15635
15656
15673
15675
15681
15682
15684
15685
15686
15698
15708
15714
15723
15733
15761
15778
15782
15784
15785
15789
1579
15797
15800
15803
15815
1583
15835
15851
15858
15866
15873
15881
15902
15921
15936
1594
15945
1595
15954
15958
15960
15964
15969
15989
1602
16038
1604
16045
16046
16052
16061
16064
16066
16068
16069
16078
16082
16087
16091
16096
16106
16110
16120
16128
16132
16137
1614
16140
16146
16148
16149
16153
16154
16157
16160
16161
1617
16170
16201
16202
16215
1622
16223
16227
16235
16238
16243
16258
16276
16284
16308
16320
16322
16325
16336
16341
16342
16348
16353
16380
16385
16390
16394
16423
16428
1643
16430
1644
16443
16452
16454
1646
16461
16471
16476
16477
16478
16489
16505
16527
16558
16561
16562
16576
16582
16591
16593
16605
16608
16609
16617
16618
16628
16634
16635
16636
16641
16643
16666
1667
16673
16676
16688
16701
16708
16717
16722
1673
1674
16743
16751
16757
16762
1677
16782
16783
16785
16793
16794
16795
16802
16803
16809
16812
16818
16821
16839
16864
16865
16870
16876
16878
16879
16916
16921
16924
16926
16927
16937
16949
16950
16967
16969
16972
16973
16974
16977
16984
16990
16994
17031
17037
17060
17066
17075
17086
17093
17096
17110
17116
17118
17126
1713
17137
17153
17156
17162
17181
17189
1719
17199
17219
17228
17234
17235
17239
17251
17256
17260
17268
17270
17278
1728
17288
17291
17297
17306
17307
17322
17324
17326
17335
17340
17341
17344
17371
17387
17388
17389
17404
17415
17428
1743
17457
17464
17469
17496
17513
17527
17546
17555
17565
17580
17584
17589
17592
17597
17600
17602
17604
17611
17614
17622
1764
17643
17645
17648
17655
17658
17669
1767
17670
17671
17676
17696
17705
17711
17725
17728
17732
17735
17756
17767
1777
17776
17782
17793
17814
17819
17856
1786
17896
17897
1790
17901
17908
17911
17914
17921
17945
17950
17960
17966
17968
17976
17982
17993
17995
17998
1800
18008
18010
18017
18020
18025
18031
18032
18035
18047
18049
18057
18073
18082
18083
18087
18092
18093
18094
18096
18098
1810
18100
18103
18114
18118
18121
18135
18140
18151
18164
18166
18187
18199
18211
1824
18242
18244
18249
18274
18314
18323
18338
18349
18357
18361
18363
18367
18368
18372
18374
18387
18391
18394
18402
18410
18425
18430
18439
18442
18443
18450
18452
18470
18474
18475
18477
18482
18483
18488
18497
18520
18522
18530
1854
18548
18560
18564
18565
18567
18568
18572
18582
18597
18599
18601
18605
18606
18607
18608
18624
18629
18630
1864
18642
18644
18646
18657
18658
18667
18671
18687
18705
18706
18708
18718
18721
18729
18732
18734
1877
1878
18780
18792
18795
1880
18800
18808
18813
18827
18832
18844
18847
18848
18849
18851
18854
18855
18856
18867
18871
18872
18876
18884
18887
18895
18898
18910
18917
18918
18928
18937
18962
18964
18965
18968
18975
18986
18987
18998
19022
19023
19025
19037
19056
1906
19061
19085
19098
19101
19111
1912
19128
19132
19145
19151
19180
19186
19196
19197
1920
19206
19208
19213
19214
19215
19226
19234
19244
19266
19269
19270
19276
19277
19280
19286
19294
19295
19299
19304
19307
19309
19311
19326
1934
19384
19386
19390
19391
19394
19398
1940
19402
19412
19438
19440
19446
19447
1945
19474
19486
19491
19493
19494
19496
1950
19540
19544
19553
19568
19575
1958
19584
19585
19587
19588
19592
19627
19644
19648
1965
19671
19674
1969
197004
197005
197008
197010
197012
197024
197027
197030
197032
197043
197054
197077
197079
197082
197091
197093
197101
19714
197140
1972
197241
19728
1973
19733
197353
197375
197377
197379
19738
197387
197400
197409
197426
197430
197432
19744
197448
197450
197457
197466
197478
197481
197493
197498
197499
197507
197510
19752
197521
197523
19753
197535
197540
197542
19756
197589
197592
19760
197612
197622
197624
197632
197639
197644
197653
197662
197665
197669
197684
19769
197699
197702
197714
197715
19772
197726
197736
197738
197749
197752
197756
197759
19776
197780
197790
197796
197797
1978
197809
197817
197833
197834
197837
197857
197915
197919
197932
197945
197948
19796
197975
197982
197990
198000
198003
198014
198028
198035
198036
19804
198041
198044
198046
198059
19806
198063
198065
198071
198072
198075
198080
19810
198106
198108
198110
198113
198116
198117
198134
198143
198145
198146
198154
198182
198193
198202
198206
198212
198222
198228
198237
19824
198241
198245
198256
19826
198260
198300
198308
198309
198310
198318
198324
198357
198367
19838
198388
1984
198407
198412
198416
198419
198431
198434
198436
19844
198447
198449
19845
198454
198466
19847
19848
198515
198530
198562
198568
198579
198583
19859
198616
198618
198634
198684
198688
198692
198702
198708
198715
198720
198726
19875
198786
198804
198825
198827
198828
198843
198850
198863
198881
198883
198907
198913
198921
198923
198924
19893
198933
19894
19896
198978
198988
19901
19903
199035
199037
199046
199051
199053
19906
199072
199078
19908
199096
199117
199128
199141
199149
199154
19916
199161
199171
199182
199194
19920
199231
199238
199256
199257
19926
199262
199309
199316
19932
199324
199334
199354
199356
19940
199426
199433
199446
199473
199477
199521
199542
199565
1996
19960
199618
199661
19970
199704
19973
199733
19974
199749
199752
199756
199761
199796
199799
1998
199802
199811
19982
199830
199836
199838
199872
199880
199903
199928
19993
199972
199978
199982
199986
199989
200015
200024
200031
200039
200051
200076
200079
200081
200088
200089
200111
200116
200125
200130
200172
20019
200214
200227
200230
200239
200242
20026
200290
200323
200326
200401
200408
200415
200421
200422
200429
200445
200461
200467
200480
200486
200489
20049
200492
200512
200544
200555
200589
200608
200617
20063
200645
200649
200674
200677
200684
200693
200710
20072
200723
200757
20079
20085
200857
20087
200877
200885
200900
200924
20096
200960
200964
200970
200987
201019
201023
201025
201127
201139
201140
201158
201168
20119
201239
201258
201261
201280
201286
201362
20137
201376
201394
201444
201454
201460
201462
201474
201485
20149
201490
201516
20155
201558
20156
20157
201593
201606
201625
201651
201696
201708
201721
201748
20178
20179
201802
20181
20183
201834
201836
20194
201966
201983
201996
202001
202020
202029
202062
202078
202081
202099
202106
202158
20220
202204
202208
20221
202257
202279
202290
202322
202329
20234
202345
202362
202379
2024
202404
202414
202450
202460
202467
202482
202489
202490
202491
20251
202516
202529
202556
202574
202577
202606
202625
202638
20265
202661
202671
202699
202702
202705
20272
202726
20274
202754
202786
202813
202863
20287
202959
202990
20303
20306
203060
20310
20312
203150
203152
203154
20316
203215
203221
203243
20331
203349
203366
20342
203425
20343
20347
20352
203520
203574
20363
203634
203643
203682
2037
20370
203705
20378
203796
203817
20382
20386
203871
203872
20389
203891
203929
20401
20404
204092
20410
20413
204157
204220
20424
204242
204287
204289
204294
204332
204346
204350
204352
204353
204355
204361
20437
204392
204397
204401
204416
20443
204454
20446
204485
2045
204604
204616
204672
204715
204745
204754
204757
20477
204794
204797
2048
20481
204846
20493
20500
205024
205094
205167
20517
205175
20521
205223
205229
205293
205310
20539
205402
205419
205467
205503
205511
205519
205545
205546
205560
205570
205640
205696
205704
205713
20573
205735
205762
205780
2058
205814
205830
20584
205851
205868
20587
205875
205965
205973
2060
20606
206064
206065
206071
206087
206088
20609
206094
20613
206132
20617
206224
20623
206230
206232
20626
20627
206280
20631
206316
20635
206393
206419
206434
206443
20647
206510
206515
206526
206569
206608
20661
206619
20662
206623
20665
206668
206669
206672
206675
20669
206735
206743
206774
206776
206780
20680
206855
206878
20688
20695
206981
206986
20701
207057
207060
20708
207108
20711
207124
207133
207162
207179
207223
207228
207268
207293
207312
207323
207339
207342
207501
207518
20755
207667
2077
207711
20772
207815
207837
20788
207908
207921
207933
20794
208002
208008
208041
208065
20809
208107
20833
20839
208397
20843
20847
208504
208508
208512
20852
208525
208562
208580
208585
208603
208606
208614
208628
208631
20866
208672
20870
208730
208756
20877
208779
208790
20881
208821
208832
208855
208879
208887
208902
20893
208930
208940
208963
208964
20898
209023
209062
209080
209130
209163
209177
209184
209188
20919
209205
209234
209239
20924
2093
209311
209332
209347
209357
209360
209366
20937
209393
20942
209438
209455
209525
20955
209556
2096
20961
209622
20964
209645
209676
20969
2097
20970
209710
209716
209745
20975
209751
209765
209778
209782
209794
209799
209807
209817
20982
209831
20984
209848
20989
209990
210018
210024
210026
210030
21004
210049
210091
210128
210142
21015
210223
210235
21024
210264
210276
210297
210327
210341
210411
21061
21072
21073
21075
21079
21086
21087
21099
2110
21101
21105
21121
211268
21138
21142
21147
21152
211562
21157
21180
211858
21209
21211
212137
21216
21222
21232
21245
21254
21284
21310
21316
21318
21326
21330
21342
21344
21355
21367
21376
21405
21426
21431
21466
21494
21501
21518
21521
21527
21530
21540
21550
21560
21582
21604
21614
21622
21624
21629
21635
21637
21641
21652
21653
21655
21673
21690
21695
21711
21721
21722
21733
21752
21756
21764
2178
21800
21813
21816
21826
21830
2184
21841
21850
21876
21885
21892
21895
21902
21919
21933
21940
21950
219503
2197
21979
21980
21983
21984
21998
22007
22015
22020
22025
22026
22035
22045
22046
22049
22053
22055
22058
22064
22080
22091
2210
22111
22113
22114
22117
22119
22156
22164
22179
22183
22189
22195
22204
22205
22208
2221
22214
22216
22222
22229
22233
22258
22260
22268
22279
22281
22294
22325
22327
22329
22341
22350
22363
22367
22369
22374
22384
22406
22414
22429
22441
22461
22473
22476
22482
22491
225117
22526
22530
22534
22554
2257
22596
22602
2262
22622
22657
22658
22669
226767
22677
22698
22702
22706
22712
22741
22772
2278
227814
22789
22794
22808
22814
22817
228181
2284
22841
22850
22851
22854
22862
22867
22877
22902
22928
22934
22945
2295
22962
22963
22971
22976
22979
22999
23001
23004
23006
23024
23031
2304
23040
23052
23061
23062
23065
23081
23087
23089
23090
23091
23095
23109
23128
23137
23139
23163
23164
23167
2317
23171
23178
23199
23200
23202
23211
23222
23226
23248
2325
23271
23274
23291
23292
23297
23298
23301
2332
23322
2333
23349
2335
233534
23355
23364
23397
23400
23403
23414
23415
23418
234189
23423
23433
23437
23444
23446
234471
23451
23452
23460
23461
23488
23489
23503
23512
23516
23519
23524
23531
23534
23536
23540
23541
2355
23561
23570
23577
23590
23607
23622
23623
23626
23629
23631
23632
23642
23644
23650
23676
2368
23685
23688
2371
23719
23732
23739
23741
23753
23756
23761
23764
23772
23819
23821
23822
23824
23830
23860
23861
23869
23873
23891
23908
23920
23945
23984
23986
23998
24006
24013
24019
24020
24021
24022
24042
24058
24064
24079
24085
2409
24097
24107
24117
24123
24130
24138
24147
24163
2417
24171
24174
24176
2418
24231
2424
24243
24253
24278
2429
2430
24316
24319
24323
2433
24334
24335
24358
24361
24365
24366
24368
24372
24377
24391
24395
24403
24405
24406
24413
24421
24423
2443
24434
24435
24441
24443
24450
244654
24466
24469
24470
24475
24490
24513
24514
2453
24530
24535
2454
24541
24554
24568
2457
24580
24588
24594
24608
24638
24650
24652
2466
24662
24700
24707
24708
24710
24714
2472
2476
24769
24770
24778
24786
24789
24795
24796
24800
24803
24808
24821
24831
24833
24835
24839
24849
24855
24891
24899
24909
24914
2492
24920
24929
24932
24938
24943
24946
24947
24958
24966
24967
2497
24979
24986
24991
2501
25025
25039
25048
25062
25085
2509
25094
25106
25113
25115
25117
25121
25124
25143
25154
25171
25174
25193
2520
25204
25229
2523
25231
25266
25271
25275
25279
25293
25298
2531
25336
25352
25355
253572
25372
25382
2540
25407
25410
25415
25425
2543
25430
25448
25468
2547
25470
25483
25487
25511
2552
25524
25526
25534
25536
25540
25544
25546
25566
25569
25579
25612
25615
25636
25638
25645
25664
25666
2568
25691
2570
25711
25721
25727
25730
25744
25751
25764
2578
25781
2579
25791
25794
2580
25806
25814
25827
25835
258395
25841
25868
25875
25876
25881
25890
25902
25922
25925
259281
2593
25931
259525
25956
25958
25960
25962
25980
25981
2599
25994
25998
25999
26004
26022
26034
2604
260463
26056
26078
26084
260852
26099
26100
26101
2611
26116
26119
26123
2613
2617
26179
26183
26198
2622
26237
2624
26242
2626
26280
262903
263011
26304
263046
263078
26327
26333
26339
2634
26346
26357
2636
2637
26374
26417
26427
26434
26436
26438
26448
26452
26453
26499
2652
26523
26529
26543
26553
26565
26568
26577
26580
26585
26595
26602
26677
26679
26682
26709
26714
26722
2673
26734
26735
26755
26765
26766
26767
26778
26800
26807
26811
26840
26846
26847
26857
26862
268637
26873
26875
26882
26886
26892
26899
26905
26911
26925
26933
2694
26946
26959
26961
26989
2699
26994
27010
2702
27020
27021
27025
27041
27052
27068
27069
27073
27083
27103
2711
27149
271498
27153
27155
271633
27164
27194
27203
27205
27206
2721
27214
27221
272358
27237
27248
27253
27264
2727
2728
27284
2729
27292
27300
27302
27318
2733
27333
2734
27348
27353
273639
27371
273834
27398
27405
274118
27413
27423
27424
27431
27438
27439
27452
27465
27505
2751
27518
27530
27541
27559
27563
27573
27574
27576
27577
27588
27592
27613
27623
27625
27636
2764
27646
27675
27679
27681
27683
2769
27691
27695
277098
27712
2774
27746
27747
27757
27763
2779
27793
2781
27824
27831
278817
2790
27908
27918
279182
27928
27940
27950
2796
27960
2797
27985
280021
28037
28040
28050
28054
28061
28067
28069
28090
28091
28094
28108
2811
28118
28126
281316
281339
28136
28139
28148
2815
28152
28161
28163
281786
2818
28194
28214
28225
28226
28230
28242
282674
282752
28293
28295
2832
28323
28327
28339
28344
28354
28357
2836
28372
283781
283830
28389
28402
28421
28432
284523
2846
284602
28461
2847
28477
284857
28487
28489
2850
28508
285233
28526
28528
2854
28588
28590
28592
28605
28607
28622
286241
28637
28639
28650
2867
28676
28683
286903
28691
286913
286918
28693
28696
28700
28701
28717
2872
28721
2873
287514
2876
28769
28770
28772
28784
28794
28804
28810
28814
28821
288346
28835
28836
28837
28839
2884
28841
288467
28851
28859
28862
28868
2887
288741
28885
288895
28890
28895
28896
28901
28912
28916
28928
28933
28961
28975
28984
28992
28994
28999
29005
29007
29018
29019
29026
290268
29027
29031
29034
29036
29044
29047
29057
2908
29102
29116
29118
29151
2916
29208
2922
29230
29240
29242
29247
2925
29252
292545
2926
29260
29278
29282
29296
29320
29324
29325
29329
293379
29352
29357
29373
29396
29413
29424
29427
29429
29437
29445
29459
29466
29469
29470
29477
29483
29486
29490
29493
29494
29500
29504
29505
29512
2953
29537
29545
29548
29549
29576
29602
296151
296270
29628
29634
29639
29640
2965
29654
29658
2966
29662
29663
29713
29729
29732
29735
29738
29743
297621
297659
29777
29787
297942
29797
29814
2982
29823
29825
29828
29829
2983
298402
29852
29863
29865
29872
29876
29881
29891
29912
29927
29934
29941
2997
29977
29989
299933
29995
29996
30000
30009
3001
30019
30057
30061
30062
30084
30096
300984
30102
30110
3012
30124
30131
30140
30142
301542
30156
30164
30175
3018
30185
30188
30191
30197
30226
3023
30233
3025
30266
30267
30298
30311
30313
30320
30325
30337
30340
30345
30365
3037
303722
30385
30387
30394
3040
30404
30412
304152
30420
304227
30438
30453
30465
30475
30476
30478
30496
30509
30511
30523
30529
305338
305339
305341
305347
305349
305355
305369
305419
305428
305429
305439
305440
305455
305477
305480
30549
305500
305505
30552
305523
305532
305551
305554
305565
305571
305575
305590
305593
305599
305602
305617
305621
305635
305646
305647
305648
30567
305671
305678
305683
305684
305687
30569
305698
305700
305702
305707
305709
305713
305720
305721
305729
305730
30575
305756
305769
305771
305774
305776
305782
305783
305788
305792
305807
305818
305822
305832
305837
305839
305841
305846
305857
305869
305872
305875
305876
305882
305884
305890
305897
305898
305901
305902
305903
30591
305914
30592
305921
305924
305943
305951
305961
305984
305987
305989
306000
306005
306017
306035
306036
306041
306057
306064
306065
306069
306071
306079
306083
306084
306085
30609
306098
306105
306123
306124
306126
306129
306131
306132
306149
306153
306155
306161
306166
306178
306185
306187
306198
306199
30620
306204
306206
306219
306221
306227
306232
306236
306240
306245
306261
306265
306268
306271
306273
306279
306285
306291
306294
306298
306324
306327
306331
306332
306333
306339
306342
306361
306366
306369
306371
306372
306375
306376
306385
306394
306397
306398
3064
306403
306404
306406
306409
306417
306424
306425
306426
306427
306434
306435
30644
306451
306452
30646
306460
306462
306466
306473
306483
306485
306492
30650
306502
306512
306516
306526
306528
306533
306545
306550
306556
306557
30657
306573
306580
306581
306591
306592
306596
306599
306604
306611
306618
306620
306631
306640
306641
306643
306644
306649
306651
306655
306656
306657
306659
306664
306667
306681
306682
306689
306695
306698
306700
306703
306706
306714
306721
306730
306761
306768
306792
306798
306799
306805
306818
306831
306843
306852
306861
306869
306873
306876
306878
306886
306887
306894
306902
306927
30698
306980
306982
306985
306999
307000
307001
307003
307009
307011
307013
307016
30702
307020
307034
307039
307042
307045
307050
307053
307056
307066
30707
307079
307082
307086
307089
307090
307102
307112
307114
307115
307121
307131
307138
307140
307143
307148
307167
307191
307199
307205
307207
307216
30722
307234
307242
307248
307251
307255
307257
307273
307286
307291
307292
307299
307304
307309
307312
307316
307337
307346
307352
307354
307355
307368
307370
307372
307377
307380
30739
307403
307410
307418
307419
307422
307423
307435
307439
307442
307450
307455
307462
307468
307480
307482
307486
307489
307490
307500
307501
307505
307511
30753
307532
307539
307540
307545
307548
307549
307564
307571
307576
307592
307594
307599
307601
307612
307614
307624
307630
307631
307641
307642
307655
30766
307661
307667
30767
307700
307702
307704
307743
307778
307786
307795
307802
307804
307820
307826
307843
307848
307873
307889
307892
307899
307904
307914
307943
307945
307949
307971
307974
307978
30798
307983
307986
307989
307990
307997
307998
308007
308009
308012
308030
308044
308047
30806
308066
308077
308078
308089
308090
308093
308094
308111
308116
308118
308121
308123
308148
30815
308165
308167
30817
308170
308172
308181
308182
308183
308188
308192
308193
308197
308212
308224
308227
308229
308233
308237
308238
308240
308242
308245
308264
308267
308274
308277
308284
308299
308311
308314
308318
308325
308332
308337
308345
308349
308350
308353
308357
308368
308381
308392
308393
308395
308402
308408
308419
308421
308423
30843
308440
308448
308449
308451
308454
308460
308465
308478
308486
308491
308494
308499
3085
308503
308511
308512
308522
308531
308539
308556
308558
308578
308579
308597
308611
308613
308623
308635
308638
30865
308660
308661
308677
30868
308684
30869
308690
308693
308700
308702
308703
308718
308721
308725
30874
308741
308753
308756
308760
308766
308780
308783
30880
308810
308815
308817
308819
308844
308845
30889
308892
308894
308895
308898
3089
308902
308904
308913
308916
308927
308928
308951
308958
308961
308977
308982
308988
308991
308995
309002
309019
309027
309070
309074
309078
309092
3091
309114
309119
309134
309152
309154
309161
309163
309164
309189
309195
309202
309210
309213
309223
309228
309229
309234
309235
309251
309261
309267
309277
309282
309289
309301
309302
309304
309306
309327
309328
309352
309357
30937
309373
309379
309386
309388
309392
309397
309415
309424
309426
309428
309431
309441
309442
309473
309490
309498
309499
309500
309505
309506
309507
309508
309514
309527
309538
30955
309574
309588
309590
309598
30960
309603
309616
30962
309633
309682
309697
309698
30970
309701
309716
309719
309720
309749
309756
309758
309760
309766
309769
309778
30978
309781
309791
309809
309812
309816
309823
309825
309826
309840
309842
309848
309854
309866
309868
30988
3099
309902
309903
309927
309934
30995
309955
309957
309961
309965
309982
309987
309989
30999
310011
310029
31003
310033
310041
310049
31006
310083
310093
310100
310134
310153
310167
310171
310174
310179
310183
310192
310203
310208
310226
310234
310236
310243
310244
310245
310246
310263
310276
310279
310283
310289
310291
310308
310335
31036
310383
310396
310404
310419
310425
310435
310459
31047
310508
310518
310544
310551
310554
310559
31057
310578
310591
310608
310611
310622
31064
310679
310695
310696
310705
310745
310767
310769
310790
3108
310806
310812
31086
310935
31096
310971
310973
310976
310981
31099
3110
311003
311006
311017
311023
311029
31103
311038
311048
311051
3111
31114
3112
31132
3115
31155
31162
31168
31185
31187
31188
31219
31225
31232
31235
31239
31249
31251
31255
31256
31264
3127
31280
31282
31295
31302
31309
31311
3135
31372
3138
31395
31398
3141
31412
31414
31431
31433
31448
31463
31472
31473
31499
31512
31519
31528
31532
31533
3156
3157
31579
31585
31587
31588
31592
31599
31619
31623
31632
31650
31657
31664
31671
31674
3168
31683
3169
31691
3170
31708
31713
31724
31730
31740
31748
3175
31753
31758
31766
31777
31783
31785
31800
31808
31809
3183
31834
31855
3187
31873
3188
31884
31896
31904
31914
31933
31944
31952
31953
31955
31976
31979
31981
32031
32032
32035
32037
3204
32041
32043
3205
32053
32057
32066
32090
32092
32110
32111
32113
3212
32126
32168
32171
32172
32179
32192
32194
32203
32206
32207
32212
32220
32244
32253
32269
32272
32273
32283
32288
32290
3230
32316
3232
32329
3234
32344
32367
32372
32383
32390
3242
32421
32422
32431
32432
3245
32477
32478
32485
32496
32504
32516
32525
32531
32532
32537
3255
32551
32587
32588
32591
3262
3263
32635
32639
32644
32646
32647
32658
32659
32674
32684
32685
32697
32703
3271
32724
32737
32744
32754
32762
32763
32778
32783
32824
32849
32851
32876
32893
32896
32899
32904
32905
32907
3291
32917
32931
32953
32966
32967
32993
32997
32999
33007
3301
33013
33022
33024
33025
33036
3306
33061
33068
33071
33091
33122
33124
33146
33164
33167
33171
33174
33178
33181
33188
33198
33207
3321
33210
33211
33250
33256
33267
33278
33285
33288
33311
33316
33346
3336
33369
33376
3338
33388
3344
33443
33444
33456
33458
33468
3347
3348
33484
33494
33520
33554
33569
3357
33571
33592
33613
33615
33641
3365
33656
33659
33702
33707
33722
33731
3374
33752
33760
33761
33769
33798
33799
33805
33813
33815
33819
33823
33860
33874
33877
33907
33917
33939
33947
33949
33957
33970
33976
33993
33997
3400
34014
34023
34037
34049
34069
34070
34089
34097
34100
34120
34142
34149
3416
34173
34178
34198
34209
3421
34210
3422
34234
34240
34249
3425
34252
34254
34277
3428
34282
3430
34311
34334
3435
34352
3436
3439
34416
34417
3442
3443
34431
34436
34443
3448
34492
34497
34502
34506
34514
3454
34544
34552
34575
34585
34605
34624
3463
34659
34715
34724
34738
3476
34774
34776
34797
3481
34816
34828
34845
34852
34861
34869
34870
3488
34882
34906
34923
34924
34930
34938
34968
34977
34983
3499
35001
35003
35006
35008
35009
35014
35023
3503
3504
35051
35058
35069
35077
35092
35095
35107
35113
35142
35158
35159
35161
3517
35173
35177
3518
35180
35221
35230
35250
35252
35255
35263
35274
35280
35282
35284
35291
35295
35302
35305
3531
35326
35399
3540
35409
35419
35420
35434
35435
3544
35448
35454
35470
35475
35477
3548
35484
35493
35500
3552
3553
35530
35542
3555
3556
35566
3557
35579
35590
35593
35601
35603
35621
35622
35645
35662
35669
35672
35678
35687
35688
35703
35704
35706
35710
35713
35722
35725
35729
35730
35733
3574
35770
35772
35782
35787
3579
35811
35814
3582
35837
3584
35844
3589
35897
3590
35913
35929
35948
35956
35957
35996
36009
36013
36014
36029
36041
36048
36050
36067
36092
36105
36130
36134
36147
36149
3615
3617
36175
3619
36227
36231
36233
3625
36263
36273
36278
3628
36301
36313
36341
3637
36381
36404
36413
36455
3647
36480
36506
3651
36511
36516
3653
36537
36559
3658
36590
36598
36625
36630
36632
36641
36644
36645
36647
36650
36651
36662
36666
36687
36719
36739
36752
36754
36763
36770
36777
36796
36808
36816
36850
36862
36890
36898
36902
36904
36944
36958
3696
36965
3699
37002
37003
37020
3703
37056
37062
37074
37076
37077
37086
37098
37118
37124
37133
37143
37145
37179
37184
37185
37195
37209
37215
37237
37255
37256
37259
37264
37274
37275
37281
37290
37298
37299
37302
37313
37316
37338
37357
37368
37377
37405
37429
37452
37463
37468
37471
37478
37486
37553
37558
3757
37577
37592
37600
37625
37633
37643
3765
37664
37676
37679
37683
37707
37713
37729
37732
37739
37766
37800
37806
37817
37829
37852
37862
37871
37877
37886
37896
37905
37922
37932
37941
37960
37965
37979
37980
38010
38012
38013
38023
38024
38042
38047
38050
38061
38081
38082
38100
38102
38106
38107
38127
38140
38149
38156
38162
38195
38208
38211
38217
38241
38251
38252
38265
38274
38292
38303
38305
38308
38318
38330
38344
38347
38349
38352
38355
38359
38362
38384
38386
38405
38413
38421
38426
38428
38444
38446
38452
38453
38475
38479
38491
38516
38525
38531
38532
38550
38557
38567
38568
38574
38580
38582
38583
38586
38590
38625
38648
38651
38664
38665
38678
38687
38693
38711
38713
38719
38733
38737
38757
38759
38776
38778
38785
38790
38817
38834
38836
3884
38852
38878
38889
38906
38911
38915
38940
38945
38971
39010
39027
39036
39079
39084
39115
39120
39136
39142
3917
39177
39188
39189
39200
39206
39207
39210
39217
3922
39220
39226
39233
39247
39253
39257
39267
39271
39283
39284
39301
39314
39317
39326
39344
39364
39369
39370
39372
39374
39400
39426
39430
39439
39443
39444
39445
39447
3945
39472
39479
39501
39529
39536
39555
39559
39578
39590
39591
39599
39628
39633
39641
39642
39647
39654
3966
39666
39672
39688
3970
3971
39711
39735
39736
39745
39762
39766
39778
39799
39805
39816
39825
39837
39871
39882
39890
39923
39949
39955
39958
39963
39974
39985
39998
4001
40010
40019
40028
40037
40038
40077
40088
40096
40097
40098
401
4010
40103
40113
40120
40143
4015
40150
4017
40182
40183
40186
40189
40193
4021
40214
4022
40220
40227
40229
40235
40304
40308
40347
40362
40373
40379
4038
40380
40399
40406
40430
40454
40457
40473
40474
40502
40530
40549
40551
40557
4057
40570
40574
40578
40603
40633
40657
40660
4067
40675
4070
40701
40703
40720
40732
40738
40743
40747
4076
40784
4079
40790
40798
4080
40806
4081
40821
40833
4084
40840
40848
40851
40864
40873
4088
40896
40900
40911
40912
40925
4093
40935
40936
40938
40939
40958
4097
40989
41003
41006
41010
41019
41027
41032
41052
41071
41114
41124
41133
41139
41147
41155
41157
4116
4118
41182
41193
41199
41220
41222
41230
41263
41285
41304
41317
41319
4133
41330
41350
41354
41358
4136
41367
41373
41396
41397
41417
41420
4144
41440
41457
41460
41485
41492
41494
4151
4153
41547
4155
41560
41567
4157
41579
4158
41582
41587
4159
41593
41595
41613
41652
41661
41665
41673
4168
41710
41716
41721
41729
41734
41747
41751
41774
4178
41798
41803
41839
4186
41861
41881
4190
41901
4191
41912
4192
41923
41933
41944
41959
41970
41974
41982
41990
41993
4201
42040
42042
42046
42065
4208
42109
4211
42116
42119
42122
42123
42140
42151
42162
42167
42171
42180
42182
42183
42210
42211
42249
4225
42259
42286
42338
4234
42359
42375
42394
42400
42405
4241
42442
42443
42486
42499
42508
42520
42521
42538
42571
42585
42597
4262
42634
42643
4265
42653
42675
42690
42715
42727
4273
42731
42741
42748
4275
42753
42761
4277
42776
428
42808
4281
42817
42819
42825
42832
42846
4286
42876
42887
4290
42924
42927
4295
42954
43000
43003
43007
43027
43038
43057
4307
43075
43098
43104
43115
43141
43142
4315
431689
43174
43185
43195
43226
43227
43228
43236
43254
43257
43260
43261
43279
43282
43290
43293
43309
4332
43327
4333
43335
43341
43344
43352
43353
43357
43369
43372
4338
43385
43406
43415
43416
43429
43454
43473
43482
43484
43487
4349
43491
43495
43507
4351
43516
43538
43548
43557
43582
43587
43588
43591
43592
43595
43599
43622
43633
43636
43639
4365
43650
43657
43685
43689
43694
43702
4371
43720
43729
43739
43742
4375
43759
43771
43777
43779
43794
43814
43819
43846
4387
4389
43896
43898
43917
43948
43955
43973
44013
44030
44067
44068
44077
44079
44089
44093
44115
44119
44159
44161
44163
4418
4419
4420
44237
4425
44287
44289
4429
44314
44337
44387
44388
44461
44484
44519
44541
44544
44556
44557
4456
44567
4459
44591
4460
44604
44616
4462
44640
4465
44676
44689
44695
44698
44730
44731
44733
44779
44790
4481
44824
4484
44843
44848
4485
44859
44867
44869
44874
44884
4490
44911
44912
44922
44928
44941
44953
44979
44994
4500
45012
45014
45017
45040
45051
4506
45073
45076
4509
45095
4510
45100
45103
45105
45129
45168
45172
45189
4519
4527
45290
45295
45296
45301
45320
45348
45377
45404
45416
45430
45432
45438
45442
45445
4545
45470
45477
4548
4550
45503
45505
45512
45523
45525
45563
45574
45595
45601
45609
4561
45611
45613
45621
4563
45664
45695
45720
45734
45770
45779
4580
45800
4581
45810
45816
45842
45847
45853
45858
45865
4587
45878
45887
45908
4591
45917
45928
45929
45940
45943
45958
45985
45989
4599
45995
46000
46003
46004
46009
46015
46016
46028
46031
46038
46065
46104
4611
46119
46120
46121
46128
46146
46147
46153
4616
46164
46179
4618
46198
46201
46204
46229
46257
4630
46317
46324
46375
46433
46435
46441
46446
46488
46489
46505
4656
46562
46592
46600
46603
4662
46626
46628
4666
46680
46687
4669
46693
46716
4675
4677
46781
46784
46789
46806
4688
4695
46968
4697
47074
47105
4711
471686
47193
4721
4727
47271
47370
4740
47403
47418
47468
4751
4752
47575
47581
47597
47649
4766
4767
4774
47755
4779
4781
47820
47823
4783
47832
47839
47840
47845
47854
47891
47894
47912
47927
47955
47962
47980
47989
48013
48015
48028
48055
48063
4807
48070
48071
4809
48108
48109
48111
48116
4812
4815
48163
48179
48183
4819
48197
48202
48219
4822
4824
48261
48280
48299
48327
48334
4836
48368
48383
48438
485
48528
4854
4858
486
4862
4866
48701
48704
4873
48794
4880
48813
4886
4887
48887
4895
48987
4907
4918
492
49216
4928
4939
49394
4941
49458
49472
49483
4949
49519
49550
49559
49568
49578
4959
49604
4961
49621
4964
49641
49645
4968
4971
49746
49749
49775
49799
4981
49818
49840
49865
49872
4988
49882
4990
49916
49919
49924
49936
4994
4995
4997
4998
49984
49990
50006
50008
5003
5004
50052
50084
50088
50096
50111
50116
5012
5016
50216
50254
50305
50335
50337
50380
50385
50416
50430
50444
5045
50460
50475
50499
50517
5054
50557
5067
50708
50731
50747
5075
50812
5082
5090
5092
50938
50942
50994
5106
51099
51114
51143
51149
511754
51239
51242
51248
5126
51264
51335
51359
51387
5140
51404
51418
51426
51446
51469
51478
51546
5155
5156
51564
51603
5163
51630
51638
5168
51683
51687
51694
51710
5173
51731
5176
5182
51837
51869
5187
51873
5189
5194
51947
5196
51961
51992
52037
52039
5209
5210
52221
5223
523
5230
5232
5238
5243
524643
52474
52504
52517
52588
5265
5266
52685
52699
5272
5276
5279
5283
5286
52894
5290
5292
5299
5308
5309
53133
53139
53221
5324
5325
53270
5334
533467
53380
53381
53405
5341
5343
5347
5349
5360
53640
5367
537
53701
53730
5376
53818
5385
53944
53953
5398
540
54013
54080
54087
54160
5421
54231
5434
543546
54365
54370
5438
54389
54447
54472
54489
54496
5467
5477
5481
54810
54819
5485
550
5501
5502
5508
5509
55093
551
55146
5525
553
5537
554
55426
55449
5545
5551
5554
5557
55602
55700
5576
5577
55861
5591
55940
5599
56014
56135
56155
56187
56274
56302
56310
5637
5641
56447
56449
5645
5647
56483
56565
56572
56591
56594
566837
56735
5676
56808
56851
56888
5693
5710
572
57203
57211
5722
5728
57313
57341
5735
5736
57361
57466
5748
57515
57559
5757
57585
57617
57644
5768
5784
5785
57858
5795
5797
580
5808
58108
58113
5818
58221
5825
58268
583
5831
58422
5846
5847
5853
58570
58590
58594
5861
58625
58630
58646
58719
58768
5882
58835
58842
588788
5890
5891
58929
58955
5905
591
59109
5912
592374
59247
5928
59359
5936
5938
5940
59430
59511
59521
595425
5957
59585
5964
5966
59663
5967
5970
59748
5979
5991
60002
6003
60063
60068
6012
6017
60172
6019
60219
60299
6038
60441
6052
60563
606
6064
60657
6066
60681
607
60733
60772
60837
60838
60849
60893
6093
60939
6113
61164
6121
6130
6132
61364
61391
6141
61411
6143
6151
6152
61525
6161
61621
61634
61786
6180
6198
6200
62084
621
62183
62197
6222
6227
6237
6238
62385
62407
6245
6248
6249
6255
62567
6268
6269
62717
62792
6285
6294
63066
6307
6308
6311
6318
632
6323
6325
6329
633
63302
6333
6342
6344
63458
6348
6353
6359
6366
637
63781
63844
6387
63933
63938
6394
6396
63972
63995
64072
6413
64134
6415
64154
64159
64209
64232
64242
64245
64262
6430
64306
6435
6436
64388
6442
6447
64484
64499
645
64522
6456
64591
6461
64615
6467
6470
6473
6474
64799
648
6493
64975
64995
6507
651
6511
6514
65148
6516
65163
65182
65187
6521
6522
65246
6527
65289
65316
6540
6548
65483
65490
6566
65682
657
6572
6576
65788
6579
65812
65824
6585
65902
65936
6597
6600
6604
6614
66172
6620
66228
6626
6629
663
6630
6634
6636
6645
66506
6653
6655
6656
6659
666
6667
66673
6672
6675
6676
6683
6688
66965
670
6713
6716
6721
6725
6730
67347
67390
6751
6752
6754
676252
6763
6774
6777
678
6783
6804
6808
6821
68244
68314
6849
6852
68564
6868
6874
6881
6882
6883
688323
6884
688433
688439
688446
688512
688560
688591
688592
688680
688760
688796
6888
6889
6895
6896
690
69014
6902
6908
691
69146
6917
692
6929
6940
69420
6948
6951
69568
6963
6968
6974
6978
69884
6995
7002
7003
7005
7006
7014
7015
7018
7032
704
7041
7049
7058
7060
7061
70812
7082
7083
7087
7091
710
7106
7116
7117
7129
7132
71374
71390
7146
715
7151
7158
71658
71724
7174
7176
7178
71878
7190
71998
7214
7222
7224
7225
7231
72396
72560
7266
7270
72880
72891
729
7290
7302
7304
7307
73132
73148
7318
73216
73222
73225
73226
73247
73269
73275
733
73308
73317
7332
73328
73349
73388
7340
73412
73436
73471
73475
73483
73484
73495
73499
7350
73510
73523
73540
7360
73622
73630
7368
73727
7373
73745
73750
73779
73801
73825
73885
7389
73925
73959
74006
74010
7404
7406
74205
74308
7437
74374
745
7451
7453
74616
7462
74631
74670
7474
7475
7477
74801
74816
7482
74825
74834
74835
74840
74866
74870
74877
7488
74880
74883
7490
74902
74903
74923
74982
74989
75014
75018
75029
75030
75048
75051
75088
75093
75124
75136
7514
75159
7518
75207
75208
75234
75242
75244
75251
75256
7529
75301
75318
75362
75364
7539
75395
75411
75440
75444
75465
75468
75500
75505
75520
75547
75557
75562
7557
75622
75632
75634
75647
75667
7568
75690
75696
75731
75733
75738
75740
75779
7578
7588
7589
759
7590
7604
7616
7618
76217
7626
764
7642
7643
76490
7651
76546
76582
76604
76610
76639
7669
76706
76730
76739
7674
7680
76814
76831
76843
76855
76867
7687
76904
76917
76931
76936
76957
76976
76983
76990
77006
77016
77044
77066
7708
77088
77111
77154
772
77206
7721
77219
77275
77291
773
7730
77309
77320
77348
77359
77374
7739
7748
77616
77709
7773
77855
7796
78072
78082
78083
78107
78114
7812
78140
78145
7815
78155
78169
78221
78240
78241
7826
7827
78292
78301
78307
7831
78346
78358
78371
784
78411
7842
78423
78491
78492
7850
78511
78518
7854
78542
78569
78571
78590
78603
78604
78622
78634
78644
78655
78674
78698
78758
78805
78810
78844
78859
78892
78934
7894
78940
78961
78968
78985
78992
78995
78996
79140
7915
79151
79157
79181
792
7921
79210
79239
79265
7930
79331
7934
794
7942
79425
79449
79603
79606
7961
79631
79653
79689
79712
79713
79751
7976
7984
7991
79930
79939
7995
8005
80069
8010
80110
802
80252
80254
80268
8027
80304
80314
80323
80328
80347
80444
8045
80452
80455
8049
805
80509
8051
80524
80534
80571
8058
80640
8065
80651
80658
8066
80665
8068
80712
80723
80751
80754
80800
80806
80807
80816
80817
8083
80861
80884
80917
80979
80999
8106
81085
81114
81115
8114
81151
8116
81168
81171
8120
81205
81242
81259
81262
81264
8127
81304
8132
81335
81363
81382
8142
81439
81440
8145
81509
8152
81536
81545
8160
81608
81666
81676
81687
81708
81727
8173
81732
81734
81745
81789
81802
81833
81843
81853
81894
81912
81921
81956
8197
81978
8198
81999
82003
82008
82013
82025
82029
8203
82086
8210
82107
82129
8214
82166
82178
8218
82182
82188
8220
82228
82238
82278
82283
82305
82307
82336
8235
8238
824
8242
82444
82463
8247
82493
8250
82524
82545
82549
8255
8256
82572
8258
82590
82595
82649
82657
82658
8266
82667
827
8271
82713
82718
8272
82754
82765
82799
82848
8285
829
82904
82936
82948
8298
82986
830
83007
83010
83018
8302
83033
83118
83150
8316
83173
83189
8321
83249
83288
83297
8330
83303
83315
83329
83336
83346
83382
83403
83454
83463
83464
83465
83492
83495
83506
83523
83546
83549
83567
8358
8359
83595
836
8362
83679
8368
83681
83742
83779
83825
83827
83840
83858
83867
8387
8388
83896
8391
83928
83935
8394
8399
83997
84010
8406
8407
84084
84108
84114
84116
84118
84119
84123
8413
84154
84167
8417
84175
84196
8420
84216
8423
8425
8431
84331
8434
84360
844
84401
84423
84426
84451
84527
8453
84534
84578
84587
84591
84596
8460
8462
84625
8465
8466
84670
84679
8469
847
84715
8475
84755
8477
8478
84827
8484
84844
84883
8491
84927
84940
84976
84977
8498
84984
850
8500
85037
85042
8510
85105
85106
85119
85122
85129
8513
85154
8517
85171
85185
85188
85237
8524
85245
85248
8526
8530
85303
8537
85373
85386
85409
8542
85439
8547
85470
85509
85511
85520
85531
85535
85559
85597
85600
85605
85661
85673
8569
85690
85691
85695
85700
85713
85723
8575
85773
85790
85791
85852
85854
85874
8589
85944
85950
85953
85954
85981
85982
85994
86032
86055
86063
86069
8607
86073
86083
86099
86109
8611
86110
8612
86120
86144
86152
86167
86169
86210
86237
86258
8626
86273
8628
8629
86318
86350
86357
86362
86381
86389
86414
8644
86440
86443
8645
86470
86485
86509
8651
86552
86577
866
86606
86615
86625
8666
86668
8668
86691
86722
8673
86730
8675
86840
86909
86915
86958
86971
87020
87045
87054
8706
8708
87098
8710
87154
87216
87221
8727
87280
8730
87325
87342
87353
87379
8738
87435
87438
8745
87460
87466
87467
87492
8750
87506
8753
87533
8755
87576
8759
8762
8764
87643
87659
87681
87691
87775
87806
87824
87829
87830
87842
8785
87851
87881
879
87930
87970
87976
8803
88030
88061
88152
88185
88200
88210
88214
88223
8828
88282
8833
88381
88389
88397
88416
88446
8845
88460
88478
8849
88513
88518
88550
8856
88560
886
88617
88620
88622
88664
88671
88681
88725
88735
88799
88820
88830
8884
88850
88856
8886
8887
88889
88894
88901
88902
88904
88933
8894
8896
8898
88991
88997
89002
89026
8903
89062
8910
89142
89148
89154
892
8920
8921
89219
8922
8927
89284
89287
8934
8935
89378
89381
89406
89414
89428
89480
89483
89489
8949
895
8951
89536
89603
89622
89635
89668
89683
897
89729
89790
89791
8983
89842
89876
8988
89882
89894
8990
89911
89916
8996
89988
90031
90038
90080
90090
9010
9012
90173
9019
90205
90210
90218
9023
90266
90280
9029
90321
90358
9036
90368
9037
90374
90377
90382
90405
9042
90435
9045
90498
90508
90510
90535
9059
90650
9069
90693
907
9070
90709
90710
90753
9079
90794
90802
90827
90831
90879
909
90920
90929
9095
90958
9096
90961
9097
90979
90983
9099
91016
91021
91022
91025
91031
91034
9105
91079
9109
91090
91106
9112
91144
91157
91171
91177
912
91206
9121
91232
91253
9127
91273
91293
91296
91311
91348
9135
91350
9136
91368
91383
91391
91393
91401
91411
9142
91448
91461
91477
91517
91537
91564
91569
91609
91611
91618
91629
91650
91654
91656
9166
9167
91690
91694
91709
91736
91739
9178
91781
91790
91795
91798
91802
91828
91842
9185
9187
9188
9190
91918
91926
91927
91951
91955
91979
91999
92047
92059
92091
92097
921
92110
9212
92127
9215
9217
92181
92207
92215
92240
9229
92319
92361
92363
92395
924
92405
92423
92425
92543
9257
9260
92658
9269
92693
9273
9278
9283
929
9293
9297
930
93058
93060
9312
9313
9319
9320
93219
93242
9329
93293
9333
9343
9344
9349
93492
9354
93689
9370
93702
93710
93737
9377
9380
93803
93849
93868
93894
9393
93941
9399
93998
94022
9405
94054
94067
94132
94164
94183
94184
9421
9426
9428
9438
94434
94436
9446
9449
945
94512
9455
94554
9457
9461
9465
9467
94688
94736
94742
94762
94773
94889
94908
9492
94986
9502
95039
9504
95159
9519
95265
9527
95315
95319
95324
95343
95353
95379
95383
95388
95407
95430
95450
95451
95461
9548
95488
95533
95539
95626
95636
95643
9568
95680
95685
95687
9569
9570
95708
95726
95758
95771
958
95824
9591
9592
95940
95977
96023
9607
961
96110
96135
9616
9620
96216
9622
96220
9628
9629
963
96310
96373
96397
9640
96423
96429
9643
9645
96454
96526
9653
96550
9661
9664
96656
9666
96714
968
9685
96874
96894
96940
96941
96953
97011
97025
97060
97061
97131
97138
97147
97156
97184
9721
97231
97254
9729
9734
97412
97438
9745
97454
97485
97571
9761
9763
97636
97655
97664
9775
9781
97829
9783
97856
97906
97912
9794
97950
9804
9809
98124
98140
98181
9823
9825
9830
98321
98324
98355
9838
9842
98428
9845
9849
98521
98550
9862
98688
98736
98794
98798
98808
9884
98855
9890
98954
9898
9899
991
9910
9914
9918
99234
9925
9928
9940
9942
9943
9949
9951
9954
9958
99587
9959
99640
9968
9978
9988
9990
99902
9997
